Factors	Sum Sq	Df	F value	p_value	Eta2_partial	CI	CI_low	CI_high	Year	Body_Site	Indice	Eta2
(Intercept)	3072.31941369189	1	98.7262753447415	3.85616579904067e-18	NA	NA	NA	NA	2015	Feces	faith_pd	NA
Age_num	238.462836055326	1	7.66279297229577	0.00635803764737299	0.0492268757740943	0.95	0.00403500137318092	0.132222196157403	2015	Feces	faith_pd	NA
Expo	671.426019827994	1	21.5756831180217	7.45132458970785e-06	0.12723335516806	0.95	0.0439252775199434	0.230999380953082	2015	Feces	faith_pd	NA
Gender	193.185257888409	1	6.2078379213564	0.0138220148400268	0.0402563060674147	0.95	0.00153704039863606	0.118844572970027	2015	Feces	faith_pd	NA
psi1.Age_num	0	1	0	1	0	0.95	0	0	2015	Feces	faith_pd	NA
Residuals	4605.69662573236	148	NA	NA	NA	NA	NA	NA	2015	Feces	faith_pd	NA
U1.Age_num	244.726380362577	1	7.86406644573602	0.0057198059506608	0.0504546469565767	0.95	0.00442129691677705	0.133999824183619	2015	Feces	faith_pd	NA
(Intercept)	77421.1583172237	1	2695.22141187967	3.10122794845643e-108	NA	NA	NA	NA	2016	Feces	faith_pd	NA
Expo	466.09825819604	1	16.2260295871899	8.3677499686465e-05	NA	0.95	0.0227374462020263	0.171912477804351	2016	Feces	faith_pd	0.0848526198144569
Residuals	5026.93494708665	175	NA	NA	NA	NA	NA	NA	2016	Feces	faith_pd	NA
(Intercept)	272246.641490054	1	48.0539922829809	1.19250147511533e-10	NA	NA	NA	NA	2015	Feces	observed_otus	NA
Age_num	48084.8483859709	1	8.48741024176113	0.00413112481846832	0.0542370164388862	0.95	0.00567815123802792	0.139405583851799	2015	Feces	observed_otus	NA
Expo	83302.2810477621	1	14.703605336377	0.000185618229852326	0.0903704949007026	0.95	0.0218999170887904	0.187092977049678	2015	Feces	observed_otus	NA
Gender	31963.2552130042	1	5.64180336968736	0.0188184201557734	0.0367204969347584	0.95	0.00070150263953461	0.113353309997167	2015	Feces	observed_otus	NA
psi1.Age_num	0	1	0	1	0	0.95	0	0	2015	Feces	observed_otus	NA
Residuals	838483.984915406	148	NA	NA	NA	NA	NA	NA	2015	Feces	observed_otus	NA
U1.Age_num	48536.3781101726	1	8.56710931817054	0.00396370645043187	0.0547184485648307	0.95	0.00584510835776636	0.140086747567939	2015	Feces	observed_otus	NA
(Intercept)	5495722.91326715	1	1582.35558784531	1.38968905283362e-89	NA	NA	NA	NA	2016	Feces	observed_otus	NA
Expo	34581.2183518991	1	9.95679457592884	0.00188698348772014	NA	0.95	0.00767313841496351	0.131107572428228	2016	Feces	observed_otus	0.053833083552069
Residuals	607797.335320417	175	NA	NA	NA	NA	NA	NA	2016	Feces	observed_otus	NA
(Intercept)	76.3793104863091	1	15291.4503226879	2.99495863985307e-172	NA	NA	NA	NA	2016	Feces	pielou_e	NA
Expo	0.0480011561554889	1	9.61002776942868	0.002255714774037	NA	0.95	0.00697572163378579	0.128617144612306	2016	Feces	pielou_e	0.0520558275492557
Residuals	0.874108018078075	175	NA	NA	NA	NA	NA	NA	2016	Feces	pielou_e	NA
(Intercept)	4533.62638984321	1	6879.50883185343	7.61454967958484e-128	NA	NA	NA	NA	2015	Feces	shannon	NA
Expo	6.36764251681022	1	9.66251939741252	0.00224799542853276	0.060141714655373	0.95	0.00812483502089206	0.146670005295235	2015	Feces	shannon	NA
Gender	2.41769697320623	1	3.66871158972868	0.0573332688871573	0.023719804425993	0.95	0	0.0908324022657635	2015	Feces	shannon	NA
Residuals	99.5096600060459	151	NA	NA	NA	NA	NA	NA	2015	Feces	shannon	NA
(Intercept)	4314.42369130266	1	8191.53901000741	6.72057783158981e-149	NA	NA	NA	NA	2016	Feces	shannon	NA
Expo	7.33595962417192	1	13.9283491230551	0.000256523282478103	NA	0.95	0.0167843027626033	0.157766802582003	2016	Feces	shannon	0.0737229176442076
Residuals	92.1712202133898	175	NA	NA	NA	NA	NA	NA	2016	Feces	shannon	NA
(Intercept)	8124.74207700062	1	444.491213298911	3.57945354351377e-48	NA	NA	NA	NA	2015	Mouth	faith_pd	NA
Age_num	218.026550260285	1	11.9278722866666	0.00070681554167219	0.068975996344265	0.95	0.0129364354263735	0.155481850897104	2015	Mouth	faith_pd	NA
Expo	219.02829726502	1	11.9826762099584	0.000687737254400817	0.0692709609568903	0.95	0.0130730532090465	0.155871583158525	2015	Mouth	faith_pd	NA
Residuals	2942.87813855488	161	NA	NA	NA	NA	NA	NA	2015	Mouth	faith_pd	NA
(Intercept)	5840.31338149649	1	362.209850363955	3.8354122602532e-41	NA	NA	NA	NA	2016	Mouth	faith_pd	NA
Age_num	526.421021231751	1	32.6480561698789	6.11827431920857e-08	0.184819787309077	0.95	0.0841314496985791	0.295554827989516	2016	Mouth	faith_pd	NA
Expo	172.535624296115	1	10.7004707755484	0.00134043506752531	0.0691689606495993	0.95	0.0110701101594719	0.161254781523514	2016	Mouth	faith_pd	NA
Residuals	2321.87259979384	144	NA	NA	NA	NA	NA	NA	2016	Mouth	faith_pd	NA
(Intercept)	395006.760981424	1	292.977990388835	4.46356895387802e-38	NA	NA	NA	NA	2015	Mouth	observed_otus	NA
Age_num	4427.96601384995	1	3.28423893561869	0.0718112738503692	0.0199911991369163	0.95	0	0.0814891072902735	2015	Mouth	observed_otus	NA
Expo	20970.613267976	1	15.5539822083248	0.000119401997580436	0.0880976005965805	0.95	0.0226433615581176	0.179990276470138	2015	Mouth	observed_otus	NA
Residuals	217067.802375208	161	NA	NA	NA	NA	NA	NA	2015	Mouth	observed_otus	NA
(Intercept)	283374.991883754	1	186.720080868403	8.80670297317984e-28	NA	NA	NA	NA	2016	Mouth	observed_otus	NA
Age_num	25817.9810688258	1	17.0118593775121	6.25279351783841e-05	0.105655940148022	0.95	0.0297382169623718	0.207198740019658	2016	Mouth	observed_otus	NA
Expo	10545.3791951359	1	6.94851032200996	0.00930858890488042	0.0460323212676103	0.95	0.00281249790785262	0.12884527001547	2016	Mouth	observed_otus	NA
Residuals	218541.030195996	144	NA	NA	NA	NA	NA	NA	2016	Mouth	observed_otus	NA
(Intercept)	64.7451249420835	1	7152.31630113781	2.45982323925701e-135	NA	NA	NA	NA	2015	Mouth	pielou_e	NA
Expo	0.341674723802302	1	37.7443969553535	6.08985866914992e-09	0.189914269451493	0.95	0.0930225556895832	0.294934034648743	2015	Mouth	pielou_e	NA
Gender	0.0225097512291303	1	2.48662522150791	0.116780552557446	0.0152099611704553	0.95	0	0.0722899634272732	2015	Mouth	pielou_e	NA
Residuals	1.45742507417033	161	NA	NA	NA	NA	NA	NA	2015	Mouth	pielou_e	NA
(Intercept)	2574.92507347539	1	3605.28072954576	1.31337079522146e-112	NA	NA	NA	NA	2015	Mouth	shannon	NA
Expo	30.7103325035569	1	42.9990647547573	6.99852349191945e-10	NA	0.95	0.109473232499444	0.315151692820451	2015	Mouth	shannon	0.20975249231599
Residuals	115.701908726417	162	NA	NA	NA	NA	NA	NA	2015	Mouth	shannon	NA
(Intercept)	842.012251869061	1	928.180866808036	6.71367751132843e-65	NA	NA	NA	NA	2016	Mouth	shannon	NA
Age_num	3.65085984410319	1	4.02447618448825	0.0467044117322194	NA	0.95	0	0.0983153481474455	2016	Mouth	shannon	0.0270054710979561
Residuals	131.538777502364	145	NA	NA	NA	NA	NA	NA	2016	Mouth	shannon	NA
(Intercept)	18.3739233541746	1	0.125051328501965	0.724183377143522	NA	NA	NA	NA	2015	Nose	faith_pd	NA
Age_num	1895.99879969539	1	12.9040033622526	0.000461434910152307	0.0890520831918854	0.95	0.0185267556713687	0.191576603456293	2015	Nose	faith_pd	NA
Expo	1744.40176369484	1	11.8722470855224	0.000764428617540502	0.0825193692739443	0.95	0.0153790478351852	0.183291515982977	2015	Nose	faith_pd	NA
psi1.Age_num	0	1	0	1	0	0.95	0	0	2015	Nose	faith_pd	NA
Residuals	19394.8989731279	132	NA	NA	NA	NA	NA	NA	2015	Nose	faith_pd	NA
U1.Age_num	2037.45151617409	1	13.8667182802863	0.000289640234662355	0.0950643055781997	0.95	0.0215831827499778	0.199065199827462	2015	Nose	faith_pd	NA
(Intercept)	338.263499658467	1	3.48385621995737	0.0641722124490827	NA	NA	NA	NA	2016	Nose	faith_pd	NA
Age_num	1257.9714508844	1	12.956147110514	0.000448788616107299	0.0887673960090487	0.95	0.0185607631608346	0.190803129111254	2016	Nose	faith_pd	NA
Expo	638.810691965742	1	6.57926322179943	0.0114267834829832	0.0471363945469794	0.95	0.00233644517773829	0.134400638163276	2016	Nose	faith_pd	NA
psi1.Age_num	0	1	0	1	0	0.95	0	0	2016	Nose	faith_pd	NA
Residuals	12913.5769716486	133	NA	NA	NA	NA	NA	NA	2016	Nose	faith_pd	NA
U1.Age_num	1350.10886523439	1	13.9050922506137	0.000283558844260628	0.0946535755676339	0.95	0.0215579275963357	0.198138969635057	2016	Nose	faith_pd	NA
(Intercept)	2467.02919785026	1	0.291131515439835	0.590405354847713	NA	NA	NA	NA	2015	Nose	observed_otus	NA
Age_num	102442.751439888	1	12.0891611248499	0.00068710955367398	0.0839005587267936	0.95	0.0160287352069484	0.185056808135145	2015	Nose	observed_otus	NA
Expo	64338.933750665	1	7.59256975999159	0.00668966778890767	0.0543909304989934	0.95	0.00433128151383392	0.145361796550805	2015	Nose	observed_otus	NA
psi1.Age_num	0	1	0	1	0	0.95	0	0	2015	Nose	observed_otus	NA
Residuals	1118559.2656441	132	NA	NA	NA	NA	NA	NA	2015	Nose	observed_otus	NA
U1.Age_num	113601.696584569	1	13.406016480073	0.000361723905776177	0.0921971236445377	0.95	0.0201073271674581	0.195509453977704	2015	Nose	observed_otus	NA
(Intercept)	11767.66137653	1	2.4700802984147	0.118390260102062	NA	NA	NA	NA	2016	Nose	observed_otus	NA
Age_num	57852.7569612744	1	12.1435305288463	0.00066613232393744	0.0830931789105055	0.95	0.0159707037809971	0.183205140036786	2016	Nose	observed_otus	NA
psi1.Age_num	0	1	0	1	0	0.95	0	0	2016	Nose	observed_otus	NA
Residuals	638386.786642949	134	NA	NA	NA	NA	NA	NA	2016	Nose	observed_otus	NA
U1.Age_num	64330.0212503179	1	13.5031348203075	0.00034334466233425	0.0915447311459338	0.95	0.0201374233147928	0.193867069152066	2016	Nose	observed_otus	NA
(Intercept)	32.1837702790991	1	2003.43550574274	7.34437386747743e-83	NA	NA	NA	NA	2015	Nose	pielou_e	NA
Expo	0.040151541850173	1	2.4994282476964	0.116227758427689	NA	0.95	0	0.0852517596635936	2015	Nose	pielou_e	0.0181777355698806
Residuals	2.16867923884958	135	NA	NA	NA	NA	NA	NA	2015	Nose	pielou_e	NA
(Intercept)	31.046231393834	1	2230.42206629244	3.08609228089919e-86	NA	NA	NA	NA	2016	Nose	pielou_e	NA
Expo	0.0432163245971124	1	3.10474539671827	0.0803112113601873	NA	0.95	0	0.0928031639278724	2016	Nose	pielou_e	0.022319478662383
Residuals	1.89304416117977	136	NA	NA	NA	NA	NA	NA	2016	Nose	pielou_e	NA
(Intercept)	54.2821076929924	1	38.8348230793955	5.66214821343442e-09	NA	NA	NA	NA	2015	Nose	shannon	NA
Age_num	11.8048524176449	1	8.44549658444449	0.00428805496013262	0.0597084869322965	0.95	0.00616759308834989	0.152475792918824	2015	Nose	shannon	NA
psi1.Age_num	0	1	0	1	0	0.95	0	0	2015	Nose	shannon	NA
Residuals	185.903262863026	133	NA	NA	NA	NA	NA	NA	2015	Nose	shannon	NA
U1.Age_num	12.6776022971564	1	9.06988440952831	0.00311089111425923	0.0638410064682224	0.95	0.00764804254781753	0.158184316636771	2015	Nose	shannon	NA
(Intercept)	86.7576677151379	1	75.8719658409838	9.95676807953852e-15	NA	NA	NA	NA	2016	Nose	shannon	NA
Age_num	12.8704627342915	1	11.2555735377778	0.00103282056864421	0.0774880664723714	0.95	0.0133841217334316	0.175980948694857	2016	Nose	shannon	NA
psi1.Age_num	0	1	0	1	0	0.95	0	0	2016	Nose	shannon	NA
Residuals	153.225599797873	134	NA	NA	NA	NA	NA	NA	2016	Nose	shannon	NA
U1.Age_num	15.7472730384875	1	13.7714232474267	0.000301609243976222	0.0931940895254691	0.95	0.0209853700152163	0.195918028897252	2016	Nose	shannon	NA
(Intercept)	419115.345069744	1	2379.15996651076	2.34454442244883e-98	NA	NA	NA	NA	2015	Right_Arm	faith_pd	NA
Expo	9680.91060932118	1	54.9548834992749	6.61916950244857e-12	0.254473909590748	0.95	0.147735997943085	0.360348626261456	2015	Right_Arm	faith_pd	NA
Gender	978.219279912682	1	5.55298243458479	0.019652679695959	0.0333406364354104	0.95	0.000541985666129885	0.10429074926932	2015	Right_Arm	faith_pd	NA
Residuals	28361.9308941174	161	NA	NA	NA	NA	NA	NA	2015	Right_Arm	faith_pd	NA
(Intercept)	188555.904938688	1	819.088247801264	4.08710209026171e-44	NA	NA	NA	NA	2016	Right_Arm	faith_pd	NA
Expo	1468.41219456363	1	6.37879345060142	0.0134988052974126	NA	0.95	0.00297812208184076	0.201151413205943	2016	Right_Arm	faith_pd	0.0730016197146004
Residuals	18646.3770430502	81	NA	NA	NA	NA	NA	NA	2016	Right_Arm	faith_pd	NA
(Intercept)	22188294.4128443	1	1866.47027093106	1.7998492288803e-90	NA	NA	NA	NA	2015	Right_Arm	observed_otus	NA
Expo	428686.769538729	1	36.0609561058615	1.22910228524004e-08	0.182993916291005	0.95	0.0875343645879359	0.287663055094531	2015	Right_Arm	observed_otus	NA
Gender	71907.5027344867	1	6.04882978446149	0.0149732379090427	0.0362099500623029	0.95	0.00120464500480938	0.108822623183415	2015	Right_Arm	observed_otus	NA
Residuals	1913941.7627509	161	NA	NA	NA	NA	NA	NA	2015	Right_Arm	observed_otus	NA
(Intercept)	10701661.107874	1	551.731781229027	6.60063272395471e-38	NA	NA	NA	NA	2016	Right_Arm	observed_otus	NA
Expo	62836.5295607517	1	3.23958215751155	0.0756023173957897	NA	0.95	0	0.149534016008769	2016	Right_Arm	observed_otus	0.0384567690691315
Residuals	1571115.85598142	81	NA	NA	NA	NA	NA	NA	2016	Right_Arm	observed_otus	NA
(Intercept)	102.325778334862	1	26810.5586574569	7.30847600770313e-182	NA	NA	NA	NA	2015	Right_Arm	pielou_e	NA
Gender	0.0292817322601162	1	7.67215860096052	0.00626305983969362	NA	0.95	0.00372909985585495	0.122189231109284	2015	Right_Arm	pielou_e	0.0452175457907865
Residuals	0.6182928264211	162	NA	NA	NA	NA	NA	NA	2015	Right_Arm	pielou_e	NA
(Intercept)	24.7367450254485	1	6904.25662014146	2.04300849360709e-79	NA	NA	NA	NA	2016	Right_Arm	pielou_e	NA
Age_num	0.0151271439700663	1	4.2221271954623	0.043164215014617	0.0501308543972489	0.95	0	0.169036713434338	2016	Right_Arm	pielou_e	NA
Expo	0.044137639954139	1	12.3192276323048	0.000739387455850118	0.133441623681804	0.95	0.0261569553084716	0.276798095850528	2016	Right_Arm	pielou_e	NA
Residuals	0.28662602086122	80	NA	NA	NA	NA	NA	NA	2016	Right_Arm	pielou_e	NA
(Intercept)	7255.67331728175	1	12251.3573472515	7.84995280528712e-154	NA	NA	NA	NA	2015	Right_Arm	shannon	NA
Expo	7.17065967064181	1	12.1078100127956	0.000646123112271492	0.0699437536174745	0.95	0.0133863750060994	0.156758987101953	2015	Right_Arm	shannon	NA
Gender	5.36987121896045	1	9.06714075115668	0.00302257228247049	0.053315065515353	0.95	0.00640400464515013	0.134126853906291	2015	Right_Arm	shannon	NA
Residuals	95.3497127683106	161	NA	NA	NA	NA	NA	NA	2015	Right_Arm	shannon	NA
(Intercept)	1753.39052058341	1	3076.25465680598	1.29179384949082e-65	NA	NA	NA	NA	2016	Right_Arm	shannon	NA
Age_num	1.53786563793972	1	2.6981247330343	0.104391568930157	0.0326261900344703	0.95	0	0.140343478895527	2016	Right_Arm	shannon	NA
Expo	7.38498692112156	1	12.9566688879968	0.000550989757965665	0.139383962904353	0.95	0.0292128092147679	0.283533716713915	2016	Right_Arm	shannon	NA
Residuals	45.5980590996694	80	NA	NA	NA	NA	NA	NA	2016	Right_Arm	shannon	NA
(Intercept)	191507.044475475	1	1354.08907281086	5.50328473875762e-80	NA	NA	NA	NA	2015	Right_Hand	faith_pd	NA
Age_num	588.063172089231	1	4.15801892629853	0.0430833597101253	0.0253293683336014	0.95	0	0.0912652901941318	2015	Right_Hand	faith_pd	NA
Expo	16154.7068837208	1	114.225103967442	1.84806752327699e-20	0.416537736023628	0.95	0.305655584683235	0.512051125863584	2015	Right_Hand	faith_pd	NA
Gender	1760.84316312252	1	12.4503957159824	0.000545724706866851	0.0721969680863339	0.95	0.0143365863196474	0.160016763715657	2015	Right_Hand	faith_pd	NA
Residuals	22628.5904903362	160	NA	NA	NA	NA	NA	NA	2015	Right_Hand	faith_pd	NA
(Intercept)	114959.820226387	1	526.572265086701	2.41000249803141e-44	NA	NA	NA	NA	2016	Right_Hand	faith_pd	NA
Age_num	545.273784873883	1	2.49762092031817	0.116813588656686	0.0216248689835895	0.95	0	0.100217796013038	2016	Right_Hand	faith_pd	NA
Expo	7877.5056254895	1	36.0828328739429	2.35314876040018e-08	0.242032111802254	0.95	0.117832747336545	0.367662068619084	2016	Right_Hand	faith_pd	NA
Gender	809.153725918626	1	3.70632025538361	0.056720297768042	0.0317576652855922	0.95	0	0.118463272939837	2016	Right_Hand	faith_pd	NA
Residuals	24669.8516934666	113	NA	NA	NA	NA	NA	NA	2016	Right_Hand	faith_pd	NA
(Intercept)	10188230.5125984	1	1004.68560617351	7.30746598111403e-71	NA	NA	NA	NA	2015	Right_Hand	observed_otus	NA
Age_num	34656.5765612647	1	3.41756731822048	0.0663515612564866	0.0209130962741937	0.95	0	0.0834272670751738	2015	Right_Hand	observed_otus	NA
Expo	876286.829023431	1	86.4127252431725	1.04342474531702e-16	0.350682884408247	0.95	0.238339773881252	0.452208541691402	2015	Right_Hand	observed_otus	NA
Gender	79837.389662833	1	7.87295459496403	0.00564115283394484	0.0468982905195154	0.95	0.00413062533321817	0.125209318562464	2015	Right_Hand	observed_otus	NA
Residuals	1622514.41844009	160	NA	NA	NA	NA	NA	NA	2015	Right_Hand	observed_otus	NA
(Intercept)	6821279.09048535	1	357.541915182574	8.51171946031351e-37	NA	NA	NA	NA	2016	Right_Hand	observed_otus	NA
Age_num	51988.0207398725	1	2.72498694970752	0.101565643434016	0.0235470923050678	0.95	0	0.103858641650376	2016	Right_Hand	observed_otus	NA
Expo	526374.061442683	1	27.5902492090022	7.13180051489025e-07	0.196245823335774	0.95	0.0814923034177971	0.321546135695855	2016	Right_Hand	observed_otus	NA
Gender	70135.6455137795	1	3.67620686485921	0.0577189498062298	0.0315077680672049	0.95	0	0.118042864901398	2016	Right_Hand	observed_otus	NA
Residuals	2155843.84513699	113	NA	NA	NA	NA	NA	NA	2016	Right_Hand	observed_otus	NA
(Intercept)	44.0641239389296	1	12661.295281707	5.73853350043212e-155	NA	NA	NA	NA	2015	Right_Hand	pielou_e	NA
Age_num	0.014888084894523	1	4.27791187429325	0.0402099851666764	0.0258831432814019	0.95	0	0.0919650488825604	2015	Right_Hand	pielou_e	NA
Expo	0.0240836176375071	1	6.92013745201921	0.00935058194075075	0.041210884870771	0.95	0.00249676800546211	0.11649636765519	2015	Right_Hand	pielou_e	NA
Residuals	0.560315812586533	161	NA	NA	NA	NA	NA	NA	2015	Right_Hand	pielou_e	NA
(Intercept)	25.406390390599	1	2785.78909385162	1.84762684434218e-81	NA	NA	NA	NA	2016	Right_Hand	pielou_e	NA
Age_num	0.0988798366741797	1	10.8420899771219	0.00132480480594929	0.0875476986792196	0.95	0.0142781778506638	0.198617349533503	2016	Right_Hand	pielou_e	NA
psi1.Age_num	0	1	0	1	0	0.95	0	0	2016	Right_Hand	pielou_e	NA
Residuals	1.03055975072699	113	NA	NA	NA	NA	NA	NA	2016	Right_Hand	pielou_e	NA
U1.Age_num	0.03795641721523	1	4.16188885922951	0.0436748611840009	0.035522548328237	0.95	0	0.12476655871777	2016	Right_Hand	pielou_e	NA
(Intercept)	3157.26512644021	1	6519.53007326035	1.42667937040897e-131	NA	NA	NA	NA	2015	Right_Hand	shannon	NA
Age_num	2.36630714739138	1	4.88625756538321	0.0284902826323835	0.0296341104318268	0.95	0	0.0985335239660109	2015	Right_Hand	shannon	NA
Expo	17.4434143544713	1	36.0194218445439	1.26345355787111e-08	0.18375435202084	0.95	0.0878686638915119	0.288789866513651	2015	Right_Hand	shannon	NA
Gender	2.54745921558022	1	5.26032382497606	0.0231182667933889	0.0318305307845528	0.95	0.000173148708579676	0.102126020597639	2015	Right_Hand	shannon	NA
Residuals	77.4844834756328	160	NA	NA	NA	NA	NA	NA	2015	Right_Hand	shannon	NA
(Intercept)	2184.46859624293	1	1905.74203238585	1.40795945566105e-72	NA	NA	NA	NA	2016	Right_Hand	shannon	NA
Age_num	7.29268066571049	1	6.36217343536788	0.0130499927904223	0.0533014208124558	0.95	0.00224236529395275	0.15221092178476	2016	Right_Hand	shannon	NA
Expo	12.8120234463779	1	11.1772774594559	0.0011237168219683	0.0900106500008047	0.95	0.0153762073748087	0.201738125130534	2016	Right_Hand	shannon	NA
Gender	2.58220139563502	1	2.25272624390698	0.136168314402023	0.0195459692566367	0.95	0	0.0961604179838991	2016	Right_Hand	shannon	NA
Residuals	129.526949178121	113	NA	NA	NA	NA	NA	NA	2016	Right_Hand	shannon	NA
