Factor	Coefficient	Sum Sq	Df	F value	p_value	Omega2_partial	CI	CI_low	CI_high	Body_Site	Indice	Year
(Intercept)	16.9281548941016	2582.78461128687	1	82.995506116227	5.32152128496467e-16	NA	NA	NA	NA	Feces	faith_pd	2015
Age_num	1.14796923197518	238.462836055321	1	7.66279297229559	0.00635803764737358	0.041470665665849	0.95	0.00184245768379187	0.12069952239314	Feces	faith_pd	2015
ExpoC	-4.36599782102196	671.426019827987	1	21.5756831180215	7.45132458970858e-06	0.117861106143353	0.95	0.0379272763596033	0.220163554896582	Feces	faith_pd	2015
GenderC	2.26907095178549	193.185257888405	1	6.20783792135628	0.0138220148400277	0.0327109392938857	0.95	0	0.106944526580612	Feces	faith_pd	2015
Residuals	NA	4605.69662573236	148	NA	NA	NA	NA	NA	NA	Feces	faith_pd	2015
U1.Age_num	-1.16580105140041	244.726380362571	1	7.86406644573581	NA	0.0426699796753631	0.95	0.00215385870671976	0.122517006517794	Feces	faith_pd	2015
(Intercept)	22.5956692879821	77421.1583172237	1	2695.22141187967	3.10122794845643e-108	NA	NA	NA	NA	Feces	faith_pd	2016
ExpoC	-3.50642143952771	466.09825819604	1	16.2260295871899	8.3677499686465e-05	0.0792089896456176	0.95	0.0196527502406388	0.16479799174609	Feces	faith_pd	2016
Residuals	NA	5026.93494708665	175	NA	NA	NA	NA	NA	NA	Feces	faith_pd	2016
(Intercept)	131.742515522374	193606.274514372	1	34.1732569060551	3.09904319588076e-08	NA	NA	NA	NA	Feces	observed_otus	2015
Age_num	12.4808383573448	48084.8483859714	1	8.48741024176121	0.00413112481846814	0.0463652877369937	0.95	0.00317640975364186	0.128032270918356	Feces	observed_otus	2015
ExpoC	-48.4505583687621	83302.2810477628	1	14.7036053363771	0.000185618229852315	0.0817132422936921	0.95	0.0174257906210738	0.176192226154384	Feces	observed_otus	2015
GenderC	29.0879690815647	31963.2552130048	1	5.64180336968746	0.0188184201557723	0.0292596482836906	0.95	0	0.101248118724666	Feces	observed_otus	2015
Residuals	NA	838483.984915406	148	NA	NA	NA	NA	NA	NA	Feces	observed_otus	2015
U1.Age_num	-12.6054851340584	48536.3781101732	1	8.56710931817065	NA	0.0468357040619505	0.95	0.00331352841351332	0.128725693947351	Feces	observed_otus	2015
(Intercept)	190.374068554396	5495722.91326715	1	1582.35558784531	1.38968905283362e-89	NA	NA	NA	NA	Feces	observed_otus	2016
ExpoC	-30.2026825633383	34581.2183518991	1	9.95679457592884	0.00188698348772014	0.048165997894052	0.95	0.00552821337939499	0.123090334430703	Feces	observed_otus	2016
Residuals	NA	607797.335320417	175	NA	NA	NA	NA	NA	NA	Feces	observed_otus	2016
(Intercept)	0.709713790575757	76.3793104863091	1	15291.4503226879	2.99495863985307e-172	NA	NA	NA	NA	Feces	pielou_e	2016
ExpoC	-0.0355837096628684	0.0480011561554889	1	9.61002776942868	0.002255714774037	0.0463877295472654	0.95	0.00490426380866209	0.120526460860687	Feces	pielou_e	2016
Residuals	NA	0.874108018078075	175	NA	NA	NA	NA	NA	NA	Feces	pielou_e	2016
(Intercept)	5.5542434488262	4533.62638984321	1	6879.50883185343	7.61454967958484e-128	NA	NA	NA	NA	Feces	shannon	2015
ExpoC	-0.415609686786508	6.36764251681022	1	9.66251939741252	0.00224799542853276	0.0532545507686899	0.95	0.00558673767677304	0.13704726520396	Feces	shannon	2015
GenderC	0.251952571714105	2.41769697320623	1	3.66871158972868	0.0573332688871573	0.0170341069550459	0.95	0	0.0783732288505868	Feces	shannon	2015
Residuals	NA	99.5096600060459	151	NA	NA	NA	NA	NA	NA	Feces	shannon	2015
(Intercept)	5.33404620648877	4314.42369130266	1	8191.53901000741	6.72057783158981e-149	NA	NA	NA	NA	Feces	shannon	2016
ExpoC	-0.439899875730178	7.33595962417192	1	13.9283491230551	0.000256523282478103	0.0680696124762227	0.95	0.0139753134513814	0.150389666193039	Feces	shannon	2016
Residuals	NA	92.1712202133898	175	NA	NA	NA	NA	NA	NA	Feces	shannon	2016
(Intercept)	10.8191121393726	8124.74207700062	1	444.491213298911	3.57945354351377e-48	NA	NA	NA	NA	Mouth	faith_pd	2015
Age_num	0.0747751904413171	218.026550260285	1	11.9278722866666	0.00070681554167219	0.062470732329942	0.95	0.0100438242160387	0.146777137492868	Mouth	faith_pd	2015
ExpoC	-2.38385339034844	219.02829726502	1	11.9826762099584	0.000687737254400817	0.0627643630091731	0.95	0.0101692205605579	0.147174773590448	Mouth	faith_pd	2015
Residuals	NA	2942.87813855488	161	NA	NA	NA	NA	NA	NA	Mouth	faith_pd	2015
(Intercept)	9.95570852388527	5840.31338149649	1	362.209850363955	3.8354122602532e-41	NA	NA	NA	NA	Mouth	faith_pd	2016
Age_num	0.115553110427354	526.421021231751	1	32.6480561698789	6.11827431920857e-08	0.177153095580197	0.95	0.0782600239484924	0.287451506387782	Mouth	faith_pd	2016
ExpoC	-2.24571724983002	172.535624296115	1	10.7004707755484	0.00134043506752531	0.061904541368245	0.95	0.00811010031785684	0.151438273984166	Mouth	faith_pd	2016
Residuals	NA	2321.87259979384	144	NA	NA	NA	NA	NA	NA	Mouth	faith_pd	2016
(Intercept)	75.4378140277051	395006.760981424	1	292.977990388835	4.46356895387802e-38	NA	NA	NA	NA	Mouth	observed_otus	2015
Age_num	0.336980659281802	4427.96601384995	1	3.28423893561869	0.0718112738503692	0.0137369539665337	0.95	0	0.0692833848301117	Mouth	observed_otus	2015
ExpoC	-23.3257165811524	20970.613267976	1	15.5539822083248	0.000119401997580436	0.0815102638895176	0.95	0.0191166894336736	0.171708359193502	Mouth	observed_otus	2015
Residuals	NA	217067.802375208	161	NA	NA	NA	NA	NA	NA	Mouth	observed_otus	2015
(Intercept)	69.3481464846815	283374.991883754	1	186.720080868403	8.80670297317984e-28	NA	NA	NA	NA	Mouth	observed_otus	2016
Age_num	0.809237812648485	25817.9810688258	1	17.0118593775121	6.25279351783841e-05	0.0982251195628102	0.95	0.0255054848859721	0.198211405338121	Mouth	observed_otus	2016
ExpoC	-17.5568575543242	10545.3791951359	1	6.94851032200996	0.00930858890488042	0.0388922409867626	0.95	0.000989094273087899	0.118012613521661	Mouth	observed_otus	2016
Residuals	NA	218541.030195996	144	NA	NA	NA	NA	NA	NA	Mouth	observed_otus	2016
(Intercept)	0.637850588009511	64.7451249420835	1	7152.31630113781	2.45982323925701e-135	NA	NA	NA	NA	Mouth	pielou_e	2015
ExpoC	-0.0923962769120032	0.341674723802302	1	37.7443969553535	6.08985866914992e-09	0.183040710040468	0.95	0.0875712087621696	0.287712412887486	Mouth	pielou_e	2015
GenderC	0.0235461933121569	0.0225097512291303	1	2.48662522150791	0.116780552557446	0.008983355721455	0.95	0	0.0587657357602084	Mouth	pielou_e	2015
Residuals	NA	1.45742507417033	161	NA	NA	NA	NA	NA	NA	Mouth	pielou_e	2015
(Intercept)	4.00554190582812	2574.92507347539	1	3605.28072954576	1.31337079522146e-112	NA	NA	NA	NA	Mouth	shannon	2015
ExpoC	-0.874885535768283	30.7103325035569	1	42.9990647547573	6.99852349191945e-10	0.203879880740028	0.95	0.104618487040271	0.309116285683146	Mouth	shannon	2015
Residuals	NA	115.701908726417	162	NA	NA	NA	NA	NA	NA	Mouth	shannon	2015
(Intercept)	3.75929031493129	842.012251869061	1	928.180866808036	6.71367751132843e-65	NA	NA	NA	NA	Mouth	shannon	2016
Age_num	0.0095935718556969	3.65085984410319	1	4.02447618448825	0.0467044117322194	0.0201598849828276	0.95	0	0.0860254798077689	Mouth	shannon	2016
Residuals	NA	131.538777502364	145	NA	NA	NA	NA	NA	NA	Mouth	shannon	2016
(Intercept)	5.00840356006064	330.666900817654	1	2.25049024325446	0.135960148055568	NA	NA	NA	NA	Nose	faith_pd	2015
Age_num	2.05840407336702	1895.99879969541	1	12.9040033622527	0.000461434910152274	0.0799441458487366	0.95	0.0141912706425138	0.179979480011119	Nose	faith_pd	2015
ExpoC	7.49821460735338	1744.40176369484	1	11.8722470855223	0.000764428617540512	0.0735245950461167	0.95	0.0113711420950201	0.17159963739984	Nose	faith_pd	2015
Residuals	NA	19394.8989731279	132	NA	NA	NA	NA	NA	NA	Nose	faith_pd	2015
U1.Age_num	-2.15861299931218	2037.45151617411	1	13.8667182802865	NA	0.0858544073556256	0.95	0.0169625058521906	0.187541470864694	Nose	faith_pd	2015
(Intercept)	7.70287419793106	805.773930715863	1	8.29885732051576	0.00462589823412643	NA	NA	NA	NA	Nose	faith_pd	2016
Age_num	1.34962910886728	1257.9714508844	1	12.9561471105141	0.000448788616107279	0.0797309569557203	0.95	0.0142482849531444	0.179293330767834	Nose	faith_pd	2016
ExpoC	4.62257287318197	638.810691965755	1	6.57926322179956	0.0114267834829824	0.0388584193608849	0.95	0.000352932444242867	0.121766595159995	Nose	faith_pd	2016
Residuals	NA	12913.5769716486	133	NA	NA	NA	NA	NA	NA	Nose	faith_pd	2016
U1.Age_num	-1.42542851810453	1350.1088652344	1	13.9050922506138	NA	0.0855179375205035	0.95	0.0169680872602401	0.186700529338719	Nose	faith_pd	2016
(Intercept)	8.17689736240163	881.392167291837	1	0.104012160692736	0.74757725043316	NA	NA	NA	NA	Nose	observed_otus	2015
Age_num	15.1304631016942	102442.751439888	1	12.0891611248498	0.000687109553674005	0.074881652651816	0.95	0.0119499253438208	0.173386472188815	Nose	observed_otus	2015
ExpoC	45.5377467353987	64338.933750659	1	7.59256975999088	0.00668966778891017	0.0459116357553186	0.95	0.00194624237289888	0.132953990009953	Nose	observed_otus	2015
Residuals	NA	1118559.2656441	132	NA	NA	NA	NA	NA	NA	Nose	observed_otus	2015
U1.Age_num	-16.1184603525767	113601.696584569	1	13.4060164800729	NA	0.0830355883407653	0.95	0.0156208405211957	0.183952149076999	Nose	observed_otus	2015
(Intercept)	28.1007648260348	11767.66137653	1	2.4700802984147	0.118390260102062	NA	NA	NA	NA	Nose	observed_otus	2016
Age_num	8.14623915739597	57852.7569612744	1	12.1435305288463	0.00066613232393744	0.0747168213688695	0.95	0.0121617305182771	0.172359578070339	Nose	observed_otus	2016
Residuals	NA	638386.786642949	134	NA	NA	NA	NA	NA	NA	Nose	observed_otus	2016
U1.Age_num	-8.87636949329231	64330.0212503179	1	13.5031348203075	NA	0.0830755773641229	0.95	0.0159623423204222	0.18318266945225	Nose	observed_otus	2016
(Intercept)	0.499387437450187	32.1837702790991	1	2003.43550574274	7.34437386747743e-83	NA	NA	NA	NA	Nose	pielou_e	2015
ExpoC	-0.0352776999841334	0.040151541850173	1	2.4994282476964	0.116227758427689	0.0108262414268944	0.95	0	0.0696259565675239	Nose	pielou_e	2015
Residuals	NA	2.16867923884958	135	NA	NA	NA	NA	NA	NA	Nose	pielou_e	2015
(Intercept)	0.495588190855753	31.046231393834	1	2230.42206629244	3.08609228089919e-86	NA	NA	NA	NA	Nose	pielou_e	2016
ExpoC	-0.0369802986598374	0.0432163245971124	1	3.10474539671827	0.0803112113601873	0.0150226560189557	0.95	0	0.0785532200969407	Nose	pielou_e	2016
Residuals	NA	1.89304416117977	136	NA	NA	NA	NA	NA	NA	Nose	pielou_e	2016
(Intercept)	1.94665943751386	54.2821076929924	1	38.8348230793955	5.66214821343442e-09	NA	NA	NA	NA	Nose	shannon	2015
Age_num	0.146562773983138	11.8048524176449	1	8.44549658444449	0.00428805496013262	0.0515453701257607	0.95	0.00356287988281404	0.140874040540637	Nose	shannon	2015
Residuals	NA	185.903262863026	133	NA	NA	NA	NA	NA	NA	Nose	shannon	2015
U1.Age_num	-0.154641954735373	12.6776022971564	1	9.06988440952831	NA	0.0556275648965656	0.95	0.00481133500475057	0.146733586181342	Nose	shannon	2015
(Intercept)	2.17024718584634	86.7576677151379	1	75.8719658409838	9.95676807953852e-15	NA	NA	NA	NA	Nose	shannon	2016
Age_num	0.0958020503174546	12.8704627342915	1	11.2555735377778	0.00103282056864421	0.069174961136719	0.95	0.00983720920461528	0.165010554070451	Nose	shannon	2016
Residuals	NA	153.225599797873	134	NA	NA	NA	NA	NA	NA	Nose	shannon	2016
U1.Age_num	-0.112783090718146	15.7472730384875	1	13.7714232474267	NA	0.0847071876907858	0.95	0.0167424914608595	0.185261906445041	Nose	shannon	2016
(Intercept)	51.3491503785306	419115.345069744	1	2379.15996651076	2.34454442244883e-98	NA	NA	NA	NA	Right_Arm	faith_pd	2015
ExpoC	15.5185832928804	9680.91060932118	1	54.9548834992749	6.61916950244857e-12	0.247550697800513	0.95	0.141593324940874	0.353515766962022	Right_Arm	faith_pd	2015
GenderC	-4.91813672525991	978.219279912682	1	5.55298243458479	0.019652679695959	0.0270121736727607	0.95	0	0.093889610917676	Right_Arm	faith_pd	2015
Residuals	NA	28361.9308941174	161	NA	NA	NA	NA	NA	NA	Right_Arm	faith_pd	2015
(Intercept)	47.6664211441443	188555.904938688	1	819.088247801264	4.08710209026171e-44	NA	NA	NA	NA	Right_Arm	faith_pd	2016
ExpoC	8.41291428004472	1468.41219456363	1	6.37879345060142	0.0134988052974126	0.0608606798146419	0.95	7.89740227399978e-05	0.184133877777099	Right_Arm	faith_pd	2016
Residuals	NA	18646.3770430502	81	NA	NA	NA	NA	NA	NA	Right_Arm	faith_pd	2016
(Intercept)	373.618559017376	22188294.4128443	1	1866.47027093106	1.7998492288803e-90	NA	NA	NA	NA	Right_Arm	observed_otus	2015
ExpoC	103.26758163571	428686.769538729	1	36.0609561058615	1.22910228524004e-08	0.176131757787881	0.95	0.0821742419404092	0.28039435016518	Right_Arm	observed_otus	2015
GenderC	-42.1666978729778	71907.5027344867	1	6.04882978446149	0.0149732379090427	0.0298661031306681	0.95	0	0.0986561665543646	Right_Arm	observed_otus	2015
Residuals	NA	1913941.7627509	161	NA	NA	NA	NA	NA	NA	Right_Arm	observed_otus	2015
(Intercept)	359.102206736353	10701661.107874	1	551.731781229027	6.60063272395471e-38	NA	NA	NA	NA	Right_Arm	observed_otus	2016
ExpoC	55.0336817653891	62836.5295607517	1	3.23958215751155	0.0756023173957897	0.0262739692150661	0.95	0	0.127922438650105	Right_Arm	observed_otus	2016
Residuals	NA	1571115.85598142	81	NA	NA	NA	NA	NA	NA	Right_Arm	observed_otus	2016
(Intercept)	0.794698385154618	102.325778334862	1	26810.5586574569	7.30847600770313e-182	NA	NA	NA	NA	Right_Arm	pielou_e	2015
GenderC	-0.0268867420411118	0.0292817322601162	1	7.67215860096052	0.00626305983969362	0.039093421303473	0.95	0.00197728469516581	0.11300968570173	Right_Arm	pielou_e	2015
Residuals	NA	0.6182928264211	162	NA	NA	NA	NA	NA	NA	Right_Arm	pielou_e	2015
(Intercept)	0.816415875574463	24.7367450254485	1	6904.25662014146	2.04300849360709e-79	NA	NA	NA	NA	Right_Arm	pielou_e	2016
Age_num	-0.000880037412324368	0.0151271439700663	1	4.2221271954623	0.043164215014617	0.0373700730922337	0.95	0	0.148534379511821	Right_Arm	pielou_e	2016
ExpoC	0.0462833731241772	0.044137639954139	1	12.3192276323048	0.000739387455850118	0.120009757463577	0.95	0.0196955672113706	0.261243805046734	Right_Arm	pielou_e	2016
Residuals	NA	0.28662602086122	80	NA	NA	NA	NA	NA	NA	Right_Arm	pielou_e	2016
(Intercept)	6.75624424721426	7255.67331728175	1	12251.3573472515	7.84995280528712e-154	NA	NA	NA	NA	Right_Arm	shannon	2015
ExpoC	0.422350995277363	7.17065967064181	1	12.1078100127956	0.000646123112271492	0.0634341210251209	0.95	0.0104571314537979	0.148079989676424	Right_Arm	shannon	2015
GenderC	-0.364388300242735	5.36987121896045	1	9.06714075115668	0.00302257228247049	0.0468836799166865	0.95	0.00419088324931996	0.124906877852654	Right_Arm	shannon	2015
Residuals	NA	95.3497127683106	161	NA	NA	NA	NA	NA	NA	Right_Arm	shannon	2015
(Intercept)	6.87352461107384	1753.39052058341	1	3076.25465680598	1.29179384949082e-65	NA	NA	NA	NA	Right_Arm	shannon	2016
Age_num	-0.00887323251211323	1.53786563793972	1	2.6981247330343	0.104391568930157	0.020049142036931	0.95	0	0.116332679680725	Right_Arm	shannon	2016
ExpoC	0.598680777726023	7.38498692112156	1	12.9566688879968	0.000550989757965665	0.125917105433636	0.95	0.0224584661755529	0.268143599730415	Right_Arm	shannon	2016
Residuals	NA	45.5980590996694	80	NA	NA	NA	NA	NA	NA	Right_Arm	shannon	2016
(Intercept)	52.5402144952736	191507.044475475	1	1354.08907281086	5.50328473875762e-80	NA	NA	NA	NA	Right_Hand	faith_pd	2015
Age_num	-0.118852353374815	588.063172089231	1	4.15801892629853	0.0430833597101253	0.0188924165683665	0.95	0	0.0796806987100945	Right_Hand	faith_pd	2015
ExpoC	20.2493493274857	16154.7068837208	1	114.225103967442	1.84806752327699e-20	0.408422983153574	0.95	0.297168649542961	0.504775570471417	Right_Hand	faith_pd	2015
GenderC	-6.6186018163377	1760.84316312252	1	12.4503957159824	0.000545724706866851	0.0652628662891033	0.95	0.0111538142822027	0.150836072435489	Right_Hand	faith_pd	2015
Residuals	NA	22628.5904903362	160	NA	NA	NA	NA	NA	NA	Right_Hand	faith_pd	2015
(Intercept)	48.5429229302221	114959.820226387	1	526.572265086701	2.41000249803141e-44	NA	NA	NA	NA	Right_Hand	faith_pd	2016
Age_num	-0.136250509060854	545.273784873883	1	2.49762092031817	0.116813588656686	0.0126384049627901	0.95	0	0.0814827100296829	Right_Hand	faith_pd	2016
ExpoC	16.5182918537111	7877.5056254895	1	36.0828328739429	2.35314876040018e-08	0.230682399919668	0.95	0.108487707040471	0.356440690802468	Right_Hand	faith_pd	2016
GenderC	-5.43210736230798	809.153725918626	1	3.70632025538361	0.056720297768042	0.0226079980539866	0.95	0	0.10209231803653	Right_Hand	faith_pd	2016
Residuals	NA	24669.8516934666	113	NA	NA	NA	NA	NA	NA	Right_Hand	faith_pd	2016
(Intercept)	383.220599345466	10188230.5125984	1	1004.68560617351	7.30746598111403e-71	NA	NA	NA	NA	Right_Hand	observed_otus	2015
Age_num	-0.912407033508538	34656.5765612647	1	3.41756731822048	0.0663515612564866	0.0145271160802252	0.95	0	0.0711383528493661	Right_Hand	observed_otus	2015
ExpoC	149.13674956713	876286.829023431	1	86.4127252431725	1.04342474531702e-16	0.34245536253171	0.95	0.230195020018504	0.444592030262835	Right_Hand	observed_otus	2015
GenderC	-44.5665566985013	79837.389662833	1	7.87295459496403	0.00564115283394484	0.0402226005353254	0.95	0.00217459026060602	0.11527460140961	Right_Hand	observed_otus	2015
Residuals	NA	1622514.41844009	160	NA	NA	NA	NA	NA	NA	Right_Hand	observed_otus	2015
(Intercept)	373.926112607691	6821279.09048535	1	357.541915182574	8.51171946031351e-37	NA	NA	NA	NA	Right_Hand	observed_otus	2016
Age_num	-1.33040070399112	51988.0207398725	1	2.72498694970752	0.101565643434016	0.014529266281901	0.95	0	0.0857244977417061	Right_Hand	observed_otus	2016
ExpoC	135.026190238211	526374.061442683	1	27.5902492090022	7.13180051489025e-07	0.185181440630407	0.95	0.0732907850665902	0.310027904247684	Right_Hand	observed_otus	2016
GenderC	-50.5734085280464	70135.6455137795	1	3.67620686485921	0.0577189498062298	0.0223620628942663	0.95	0	0.101625885478584	Right_Hand	observed_otus	2016
Residuals	NA	2155843.84513699	113	NA	NA	NA	NA	NA	NA	Right_Hand	observed_otus	2016
(Intercept)	0.792005811904995	44.0641239389296	1	12661.295281707	5.73853350043212e-155	NA	NA	NA	NA	Right_Hand	pielou_e	2015
Age_num	-0.000597783147494462	0.014888084894523	1	4.27791187429325	0.0402099851666764	0.0195956049281423	0.95	0	0.0807537859843405	Right_Hand	pielou_e	2015
ExpoC	0.0247168809885393	0.0240836176375071	1	6.92013745201921	0.00935058194075075	0.0348407054089801	0.95	0.000881771670108023	0.106672737611878	Right_Hand	pielou_e	2015
Residuals	NA	0.560315812586533	161	NA	NA	NA	NA	NA	NA	Right_Hand	pielou_e	2015
(Intercept)	0.807893652433866	25.406390390599	1	2785.78909385162	1.84762684434218e-81	NA	NA	NA	NA	Right_Hand	pielou_e	2016
Age_num	-0.00276319915052369	0.0988798366741797	1	10.8420899771219	0.00132480480594929	0.0775932498344758	0.95	0.010132252644294	0.185751635994011	Right_Hand	pielou_e	2016
Residuals	NA	1.03055975072699	113	NA	NA	NA	NA	NA	NA	Right_Hand	pielou_e	2016
U1.Age_num	0.00855140276812969	0.03795641721523	1	4.16188885922951	NA	0.0263135748717606	0.95	0	0.10893692732103	Right_Hand	pielou_e	2016
(Intercept)	6.74613442577864	3157.26512644021	1	6519.53007326035	1.42667937040897e-131	NA	NA	NA	NA	Right_Hand	shannon	2015
Age_num	-0.00753930568185465	2.36630714739138	1	4.88625756538321	0.0284902826323835	0.023148157697599	0.95	0	0.0874486473986602	Right_Hand	shannon	2015
ExpoC	0.66539154792479	17.4434143544713	1	36.0194218445439	1.26345355787111e-08	0.175959821006303	0.95	0.0817837071448251	0.280536446945687	Right_Hand	shannon	2015
GenderC	-0.251744236400519	2.54745921558022	1	5.26032382497606	0.0231182667933889	0.0253198361213642	0.95	0	0.0912487564300744	Right_Hand	shannon	2015
Residuals	NA	77.4844834756328	160	NA	NA	NA	NA	NA	NA	Right_Hand	shannon	2015
(Intercept)	6.69153552510462	2184.46859624293	1	1905.74203238585	1.40795945566105e-72	NA	NA	NA	NA	Right_Hand	shannon	2016
Age_num	-0.0157570322081949	7.29268066571049	1	6.36217343536788	0.0130499927904223	0.0438221493197013	0.95	3.16031431188673e-05	0.137985429186671	Right_Hand	shannon	2016
ExpoC	0.666161664155279	12.8120234463779	1	11.1772774594559	0.0011237168219683	0.0800243381739353	0.95	0.0110998108811851	0.188933173394365	Right_Hand	shannon	2016
GenderC	-0.30686537058461	2.58220139563502	1	2.25272624390698	0.136168314402023	0.0105936352056959	0.95	0	0.0766355061355733	Right_Hand	shannon	2016
Residuals	NA	129.526949178121	113	NA	NA	NA	NA	NA	NA	Right_Hand	shannon	2016
