Factors	Sum Sq	Df	F value	Pr(>F)	Eta2_partial	CI	CI_low	CI_high	Year	Body_Site	Indice
(Intercept)	32598.3331101106	1	955.989341883057	3.2884198720574e-66	NA	NA	NA	NA	2015	Feces	faith_pd
Age_num	274.603726188183	1	8.05311837849324	0.00518497249635968	0.0519378033973824	0.95	0.00482292739485201	0.136459063335108	2015	Feces	faith_pd
Age_num:Expo	110.80280009028	1	3.24943903049609	0.0734965105886985	0.0216269628123973	0.95	0	0.0881766181978397	2015	Feces	faith_pd
Age_num:Gender	75.8392070890632	1	2.224085306114	0.138015926882648	0.014904331975308	0.95	0	0.0751521913129082	2015	Feces	faith_pd
Expo	631.895104247799	1	18.5311617869694	3.03755241416737e-05	0.11194968721852	0.95	0.0340742482446004	0.213585383435169	2015	Feces	faith_pd
Expo:Gender	87.1246185514428	1	2.55504496102512	0.112089941825648	0.0170843114098289	0.95	0	0.0795444947475695	2015	Feces	faith_pd
Gender	195.649821666826	1	5.73769044027577	0.0178634202581765	0.0375656488175022	0.95	0.000842628522743256	0.114989172061783	2015	Feces	faith_pd
Residuals	5012.56107913015	147	NA	NA	NA	NA	NA	NA	2015	Feces	faith_pd
(Intercept)	26378.8012877237	1	931.505147101047	6.93938779926347e-71	NA	NA	NA	NA	2016	Feces	faith_pd
Age_num	83.7775440683017	1	2.95840636046742	0.0872519100666015	0.0171047272157545	0.95	0	0.0740047756985604	2016	Feces	faith_pd
Age_num:Expo	50.7706604779887	1	1.79284612068312	0.182367424017076	0.0104360930106697	0.95	0	0.0602743271767877	2016	Feces	faith_pd
Age_num:Gender	19.9610781724396	1	0.704878392937708	0.402328445096666	0.00412922231381801	0.95	0	0.0440223425595734	2016	Feces	faith_pd
Expo	372.94640315638	1	13.1697225489418	0.000376071456003279	0.0718990145624256	0.95	0.0153206741960401	0.156745446132043	2016	Feces	faith_pd
Expo:Gender	30.732330805381	1	1.08523977323212	0.299007567231132	0.00634326944083881	0.95	0	0.0503699737083738	2016	Feces	faith_pd
Gender	86.2367835312953	1	3.04524860143	0.0827806922625291	0.0175979902715736	0.95	0	0.0749468827263798	2016	Feces	faith_pd
Residuals	4814.14003225746	170	NA	NA	NA	NA	NA	NA	2016	Feces	faith_pd
(Intercept)	33.1568343737232	1	5868.09192104405	2.22003523430989e-120	NA	NA	NA	NA	2015	Feces	pielou_e
Age_num	0.00299680583897	1	0.530374279232579	0.467608065950852	0.00359501751299521	0.95	0	0.0466889557884654	2015	Feces	pielou_e
Age_num:Expo	0.00256964251212888	1	0.454774973250909	0.501135222152427	0.00308416579478967	0.95	0	0.044821942277249	2015	Feces	pielou_e
Age_num:Gender	0.000559825313257489	1	0.099077805827135	0.753385459242962	0.000673544710850731	0.95	0	0.0311788638221158	2015	Feces	pielou_e
Expo	0.000646885129501285	1	0.114485639958389	0.735576748630598	0.00077820779823529	0.95	0	0.0322543885247658	2015	Feces	pielou_e
Expo:Gender	0.000151264993971778	1	0.0267708575269182	0.87025659246564	0.000182081517337138	0.95	0	0.0221058905435683	2015	Feces	pielou_e
Gender	0.00156848957145739	1	0.277591065503079	0.599078641845759	0.00188481535782058	0.95	0	0.0396436925637734	2015	Feces	pielou_e
Residuals	0.830602982795492	147	NA	NA	NA	NA	NA	NA	2015	Feces	pielou_e
(Intercept)	28.6038963723376	1	5625.09031830261	3.31517584634723e-132	NA	NA	NA	NA	2016	Feces	pielou_e
Age_num	0.000261374599358155	1	0.0514005403026717	0.820916294176551	0.000302264727837332	0.95	0	0.0230225118009922	2016	Feces	pielou_e
Age_num:Expo	0.000360121046431017	1	0.0708194920484734	0.790469799443726	0.000416411776341117	0.95	0	0.0249685504284785	2016	Feces	pielou_e
Age_num:Gender	0.0091898075378456	1	1.80721873465434	0.180633358646417	0.0105188754463541	0.95	0	0.0604594167986314	2016	Feces	pielou_e
Expo	0.0202914486530716	1	3.99040850508437	0.0473548986659054	0.022934646451892	0.95	0	0.0846930675592309	2016	Feces	pielou_e
Expo:Gender	2.73255561307195e-05	1	0.00537369871685714	0.941649181959547	3.16089932920614e-05	0.95	0	0.00989096146769093	2016	Feces	pielou_e
Gender	0.00700501629714223	1	1.37756929474523	0.242157336790429	0.00803821235424344	0.95	0	0.0546787392574245	2016	Feces	pielou_e
Residuals	0.864459432318005	170	NA	NA	NA	NA	NA	NA	2016	Feces	pielou_e
(Intercept)	1875.56236921316	1	2791.18461753072	1.66934599908477e-97	NA	NA	NA	NA	2015	Feces	shannon
Age_num	0.537772047106841	1	0.800304532795855	0.372464749404894	0.00541476917334952	0.95	0	0.0525063002602391	2015	Feces	shannon
Age_num:Expo	0.0260222644196091	1	0.0387259551340866	0.84426438533638	0.000263372488319186	0.95	0	0.0245925957107183	2015	Feces	shannon
Age_num:Gender	0.0306851881629342	1	0.045665250376264	0.831081569037947	0.000310551489556045	0.95	0	0.0257146945417007	2015	Feces	shannon
Expo	2.70653352116567	1	4.027823790407	0.0465890601801335	0.026669415537608	0.95	0	0.0971388367775535	2015	Feces	shannon
Expo:Gender	0.257228882407546	1	0.382804278623785	0.537063812090705	0.00259734695982648	0.95	0	0.0428883711670377	2015	Feces	shannon
Gender	1.21839744089336	1	1.81320133677401	0.180197204841344	0.0121844118699565	0.95	0	0.069370855538646	2015	Feces	shannon
Residuals	98.7780122255921	147	NA	NA	NA	NA	NA	NA	2015	Feces	shannon
(Intercept)	1582.13079065011	1	2984.56392040776	9.46842108314207e-110	NA	NA	NA	NA	2016	Feces	shannon
Age_num	0.341001399784318	1	0.64327202315974	0.423648157348246	0.00376968875205601	0.95	0	0.0428721194179807	2016	Feces	shannon
Age_num:Expo	0.434012882615875	1	0.818730788947758	0.366832046319478	0.0047929801677272	0.95	0	0.0460412180896795	2016	Feces	shannon
Age_num:Gender	1.10707492989937	1	2.08840881707883	0.150261382002146	0.0121356739331509	0.95	0	0.0639876106047453	2016	Feces	shannon
Expo	4.74534810480516	1	8.95172183429739	0.00318474723836523	0.0500231109404264	0.95	0.00586401680256837	0.127009144516217	2016	Feces	shannon
Expo:Gender	0.246306381647244	1	0.464637401898032	0.496392185499562	0.00272571137908547	0.95	0	0.0392137423695516	2016	Feces	shannon
Gender	1.35884875096112	1	2.56336010864387	0.111222551299261	0.01485460243142	0.95	0	0.0695975745807158	2016	Feces	shannon
Residuals	90.1177664755034	170	NA	NA	NA	NA	NA	NA	2016	Feces	shannon
(Intercept)	2443538.34040905	1	399.619260988546	9.17229503528894e-44	NA	NA	NA	NA	2015	Feces	observed_otus
Age_num	41239.3335814363	1	6.74433125805382	0.0103602168327359	0.0438671865353769	0.95	0.0024124037110688	0.124635920234699	2015	Feces	observed_otus
Age_num:Expo	7078.99452370999	1	1.15770745779802	0.283704245812422	0.00781402113776488	0.95	0	0.0590619797484798	2015	Feces	observed_otus
Age_num:Gender	3946.43962883437	1	0.645405583342188	0.423057223238579	0.00437132182198431	0.95	0	0.0492993279939872	2015	Feces	observed_otus
Expo	64750.1990156536	1	10.5893270637878	0.00141144491033535	0.0671957121785384	0.95	0.0105808791150797	0.157574020123433	2015	Feces	observed_otus
Expo:Gender	14677.9477069803	1	2.40044959331806	0.123450630315404	0.0160672180027055	0.95	0	0.0775186579006241	2015	Feces	observed_otus
Gender	21106.3119821746	1	3.45175218126448	0.0651850723875368	0.0229425854549424	0.95	0	0.0905698341868457	2015	Feces	observed_otus
Residuals	898855.913880551	147	NA	NA	NA	NA	NA	NA	2015	Feces	observed_otus
(Intercept)	1879181.63379163	1	550.139076258108	3.56072394061773e-55	NA	NA	NA	NA	2016	Feces	observed_otus
Age_num	5215.89196684991	1	1.52697639062977	0.218271640819915	0.0089022521282733	0.95	0	0.0567518883504794	2016	Feces	observed_otus
Age_num:Expo	7481.00006085553	1	2.19009721517013	0.14075133462367	0.0127190660240662	0.95	0	0.0652203147211656	2016	Feces	observed_otus
Age_num:Gender	3492.67348961532	1	1.02249624660881	0.313364677320193	0.00597872367115028	0.95	0	0.0493915419596637	2016	Feces	observed_otus
Expo	36897.0904879621	1	10.8017931383795	0.001231884879885	0.05974383854762	0.95	0.00970959632319226	0.14055325692879	2016	Feces	observed_otus
Expo:Gender	9655.28238228546	1	2.82662837656846	0.0945490686677343	0.016355282765857	0.95	0	0.0725575976229921	2016	Feces	observed_otus
Gender	10070.79822431	1	2.94827255262439	0.0877906084803201	0.0170471350138943	0.95	0	0.073894248657422	2016	Feces	observed_otus
Residuals	580691.122538433	170	NA	NA	NA	NA	NA	NA	2016	Feces	observed_otus
(Intercept)	7949.66817967181	1	427.313229429721	1.16596153841433e-46	NA	NA	NA	NA	2015	Mouth	faith_pd
Age_num	144.572788039759	1	7.77112497637335	0.0059648237468615	0.0471631481395035	0.95	0.00401733269969013	0.126456906307512	2015	Mouth	faith_pd
Age_num:Expo	18.0420484074261	1	0.969802235295673	0.326244702621873	0.00613916217892806	0.95	0	0.0523656320651695	2015	Mouth	faith_pd
Age_num:Gender	0.872868697019385	1	0.0469187308654264	0.828795582548566	0.000298756137621725	0.95	0	0.0242917746931275	2015	Mouth	faith_pd
Expo	42.8384940950773	1	2.30266909787286	0.131162911502207	0.0144546799555389	0.95	0	0.0716956164304119	2015	Mouth	faith_pd
Expo:Gender	0.549174564343957	1	0.0295194153147866	0.863806472262395	0.000187986408063271	0.95	0	0.0213438172289732	2015	Mouth	faith_pd
Gender	1.63895159028334	1	0.0880974754032895	0.767002207277076	0.000560815725819607	0.95	0	0.0249111615712125	2015	Mouth	faith_pd
Residuals	2920.80333172495	157	NA	NA	NA	NA	NA	NA	2015	Mouth	faith_pd
(Intercept)	5146.61214691139	1	321.301860050276	4.52180548004091e-38	NA	NA	NA	NA	2016	Mouth	faith_pd
Age_num	261.181379314697	1	16.3054958463638	8.84124123202636e-05	0.104318122392771	0.95	0.028185669998625	0.20711281055056	2016	Mouth	faith_pd
Age_num:Expo	65.9919532574195	1	4.11986307199862	0.0442769938255377	0.0285863654334756	0.95	0	0.102586110481413	2016	Mouth	faith_pd
Age_num:Gender	4.94105145254889	1	0.30846875128541	0.579507742872805	0.00219850415324687	0.95	0	0.0426094071095693	2016	Mouth	faith_pd
Expo	0.910174050969545	1	0.0568219650516138	0.811939904954177	0.000405706514358812	0.95	0	0.0285403509240167	2016	Mouth	faith_pd
Expo:Gender	9.68357636775045	1	0.604543534675392	0.438161598444252	0.00429960170189167	0.95	0	0.050697088796853	2016	Mouth	faith_pd
Gender	3.3859276458129	1	0.211382715374854	0.646398980280179	0.00150760024814786	0.95	0	0.0389638280161051	2016	Mouth	faith_pd
Residuals	2242.51954363056	140	NA	NA	NA	NA	NA	NA	2016	Mouth	faith_pd
(Intercept)	28.0088802786155	1	3063.379205989	6.62878716919406e-105	NA	NA	NA	NA	2015	Mouth	pielou_e
Age_num	0.0128138035021774	1	1.40146763482612	0.2382672778437	0.00884756723376468	0.95	0	0.0593072098852842	2015	Mouth	pielou_e
Age_num:Expo	0.0145533172401915	1	1.59172123156248	0.208951611122517	0.0100365972397662	0.95	0	0.0621116368113902	2015	Mouth	pielou_e
Age_num:Gender	0.000222464098732056	1	0.0243312794854986	0.876245332733751	0.000154952288522673	0.95	0	0.0195380687122153	2015	Mouth	pielou_e
Expo	0.0881267491109903	1	9.63857348214428	0.0022608663345491	0.0578411905523008	0.95	0.00778305920201201	0.141625196702145	2015	Mouth	pielou_e
Expo:Gender	0.000695608688219496	1	0.0760799135774028	0.78304452768483	0.000484350727489899	0.95	0	0.0274565555767386	2015	Mouth	pielou_e
Gender	0.0136258430323069	1	1.49028178899061	0.224002982366033	0.00940298529454776	0.95	0	0.0606321430398732	2015	Mouth	pielou_e
Residuals	1.4354717154003	157	NA	NA	NA	NA	NA	NA	2015	Mouth	pielou_e
(Intercept)	19.3204303505866	1	1987.13625349074	1.3364723463993e-84	NA	NA	NA	NA	2016	Mouth	pielou_e
Age_num	0.00299923779723055	1	0.308476263290666	0.57950313082287	0.00219855757475269	0.95	0	0.042609647941729	2016	Mouth	pielou_e
Age_num:Expo	0.0784758802229235	1	8.07136610240328	0.00516875943276212	0.0545099725548644	0.95	0.00508214995074067	0.142531978862782	2016	Mouth	pielou_e
Age_num:Gender	0.0108468937577364	1	1.11561986108172	0.292682812685134	0.00790571491788056	0.95	0	0.0610775626319568	2016	Mouth	pielou_e
Expo	0.08946218910172	1	9.2013250251061	0.00288314826775137	0.0616705315690581	0.95	0.00760395209307374	0.152542946221497	2016	Mouth	pielou_e
Expo:Gender	0.0149778108020904	1	1.54049109169327	0.216620365362931	0.0108837483875572	0.95	0	0.0683252317714735	2016	Mouth	pielou_e
Gender	0.0117590690797396	1	1.20943850895863	0.273330823854445	0.00856485601620672	0.95	0	0.0627549332823702	2016	Mouth	pielou_e
Residuals	1.36118509454527	140	NA	NA	NA	NA	NA	NA	2016	Mouth	pielou_e
(Intercept)	1079.63357950954	1	1491.64689176608	4.55349445820045e-82	NA	NA	NA	NA	2015	Mouth	shannon
Age_num	0.114942118968528	1	0.158806707892784	0.690798969579735	0.00101048557964654	0.95	0	0.0326342316598241	2015	Mouth	shannon
Age_num:Expo	1.11055922949204	1	1.53437448985838	0.217305891447379	0.00967849713852775	0.95	0	0.061279474996327	2015	Mouth	shannon
Age_num:Gender	0.0412832622950532	1	0.0570379164311975	0.811551875093451	0.000363166892664478	0.95	0	0.0255557074524998	2015	Mouth	shannon
Expo	7.63590885224951	1	10.5499494656709	0.0014210187847722	0.0629659961063282	0.95	0.00986053782882507	0.148644435067273	2015	Mouth	shannon
Expo:Gender	0.125291683530449	1	0.173105907272016	0.677934288973675	0.00110137104101095	0.95	0	0.033310257046243	2015	Mouth	shannon
Gender	0.558598229552828	1	0.771772320417296	0.381011832101045	0.0048917008984973	0.95	0	0.0487880260736461	2015	Mouth	shannon
Residuals	113.634448553914	157	NA	NA	NA	NA	NA	NA	2015	Mouth	shannon
(Intercept)	723.647944579803	1	821.020522849698	1.99271872328133e-60	NA	NA	NA	NA	2016	Mouth	shannon
Age_num	0.372063070088146	1	0.422127111152385	0.516942165454378	0.00300612958823965	0.95	0	0.0460642003147884	2016	Mouth	shannon
Age_num:Expo	6.16215967263192	1	6.99132719743343	0.00912528914897102	0.0475628551067026	0.95	0.00296257910094523	0.132476946479845	2016	Mouth	shannon
Age_num:Gender	0.935146968513806	1	1.06097842021279	0.304768362643972	0.00752141685174052	0.95	0	0.0600760790315527	2016	Mouth	shannon
Expo	3.70788880618669	1	4.20681469369975	0.0421266526552146	0.0291720935840319	0.95	0	0.103580569550273	2016	Mouth	shannon
Expo:Gender	1.28580245110258	1	1.45881738294532	0.229154788180857	0.01031266491502	0.95	0	0.0669951150977173	2016	Mouth	shannon
Gender	0.737512647068897	1	0.836750831174364	0.361900491566112	0.00594128184750162	0.95	0	0.0557366142625712	2016	Mouth	shannon
Residuals	123.396077712565	140	NA	NA	NA	NA	NA	NA	2016	Mouth	shannon
(Intercept)	384968.471206532	1	281.380685378656	7.77773436086547e-37	NA	NA	NA	NA	2015	Mouth	observed_otus
Age_num	2801.31580214345	1	2.04753432897704	0.154440333380762	0.0128737256922316	0.95	0	0.0683923523659618	2015	Mouth	observed_otus
Age_num:Expo	988.306913231965	1	0.722372083454286	0.396661160625628	0.00458002294736008	0.95	0	0.0478390557118343	2015	Mouth	observed_otus
Age_num:Gender	239.511234280682	1	0.175063259197738	0.676222352970211	0.00111381064888799	0.95	0	0.033397129334556	2015	Mouth	observed_otus
Expo	4627.83514525503	1	3.38257161920328	0.067778134625011	0.0210906433601434	0.95	0	0.0845020474375932	2015	Mouth	observed_otus
Expo:Gender	1009.1384364056	1	0.737598234961467	0.391740682498898	0.0046761092042416	0.95	0	0.0481343681151327	2015	Mouth	observed_otus
Gender	117.864412409137	1	0.0861493125436833	0.769518433948187	0.000548420805530587	0.95	0	0.0282941234774516	2015	Mouth	observed_otus
Residuals	214798.147563295	157	NA	NA	NA	NA	NA	NA	2015	Mouth	observed_otus
(Intercept)	251216.549109721	1	166.963867613683	1.23213715882202e-25	NA	NA	NA	NA	2016	Mouth	observed_otus
Age_num	11613.3416676449	1	7.71847415156659	0.00621614522160964	0.0522512447809815	0.95	0.00435695897363372	0.139302860955491	2016	Mouth	observed_otus
Age_num:Expo	6150.01647527658	1	4.08743189984499	0.0451086824871571	0.0283677198347609	0.95	0	0.102213366912557	2016	Mouth	observed_otus
Age_num:Gender	1146.25446039779	1	0.761825121217877	0.384252513703962	0.00541215717089365	0.95	0	0.0541846011269064	2016	Mouth	observed_otus
Expo	11.0581251625554	1	0.00734946544023277	0.931804311377058	5.24934260115176e-05	0.95	0	0.0141675890316731	2016	Mouth	observed_otus
Expo:Gender	1028.05804803441	1	0.683269268841955	0.409869794394555	0.00485679123319381	0.95	0	0.0524869028812781	2016	Mouth	observed_otus
Gender	192.66362137394	1	0.128048345091317	0.72100315128802	0.00091379525086922	0.95	0	0.0347024666376683	2016	Mouth	observed_otus
Residuals	210646.275616573	140	NA	NA	NA	NA	NA	NA	2016	Mouth	observed_otus
(Intercept)	15914.1016733802	1	91.6439995654983	9.33337272268042e-17	NA	NA	NA	NA	2015	Nose	faith_pd
Age_num	1081.90018575472	1	6.23030204206041	0.0138094403743365	0.0457335992702772	0.95	0.00175740009060383	0.13346232247182	2015	Nose	faith_pd
Age_num:Expo	1.64688285992088	1	0.00948384867689226	0.92257059761934	7.29473604243432e-05	0.95	0	0.017148411597395	2015	Nose	faith_pd
Age_num:Gender	192.709310770944	1	1.10974859624663	0.294090660019314	0.0084642721699064	0.95	0	0.0653605717977876	2015	Nose	faith_pd
Expo	775.344996539523	1	4.46495303249416	0.0365087123995004	0.0332053292088325	0.95	0	0.113797065343626	2015	Nose	faith_pd
Expo:Gender	133.162630789157	1	0.766839142330929	0.38281180947604	0.00586417127889951	0.95	0	0.0582267838950771	2015	Nose	faith_pd
Gender	101.29642681907	1	0.583332310294433	0.446393059803217	0.00446712685282306	0.95	0	0.0538521528106897	2015	Nose	faith_pd
Residuals	22574.6718535655	130	NA	NA	NA	NA	NA	NA	2015	Nose	faith_pd
(Intercept)	13540.6766797228	1	124.452796067108	9.94666419330694e-21	NA	NA	NA	NA	2016	Nose	faith_pd
Age_num	821.851375735172	1	7.55366250011779	0.00683409050403612	0.0545179561753654	0.95	0.0042794778608598	0.145938741299247	2016	Nose	faith_pd
Age_num:Expo	17.2512523068654	1	0.158556816326885	0.6911369169287	0.0012088941825498	0.95	0	0.0388639342783161	2016	Nose	faith_pd
Age_num:Gender	552.212489919624	1	5.07540280439543	0.0259305801381062	0.0372984587941377	0.95	0	0.120046437180168	2016	Nose	faith_pd
Expo	34.1017745097561	1	0.313430509344091	0.576538725479059	0.0023868884403396	0.95	0	0.0455790374895372	2016	Nose	faith_pd
Expo:Gender	264.909187961175	1	2.43478889020414	0.121082481046323	0.0182470322054287	0.95	0	0.0867002664452506	2016	Nose	faith_pd
Gender	117.257376629843	1	1.07771633030209	0.301121369102983	0.00815971354022292	0.95	0	0.0642720790849911	2016	Nose	faith_pd
Residuals	14253.0236451031	131	NA	NA	NA	NA	NA	NA	2016	Nose	faith_pd
(Intercept)	12.8805589684517	1	782.124193168152	7.58205056045669e-57	NA	NA	NA	NA	2015	Nose	pielou_e
Age_num	0.012539236762823	1	0.761398667564677	0.384499991243983	0.00582280914186598	0.95	0	0.0581041596810106	2015	Nose	pielou_e
Age_num:Expo	2.27721797041447e-05	1	0.00138275619260065	0.970394196886539	1.06364729611676e-05	0.95	0	0.00259589473504751	2015	Nose	pielou_e
Age_num:Gender	0.000645909966881852	1	0.039220488252418	0.843321841034989	0.000301605070417668	0.95	0	0.0278130468969784	2015	Nose	pielou_e
Expo	0.012703180032402	1	0.771353514847229	0.381419015867679	0.00589848995299764	0.95	0	0.0583282695316932	2015	Nose	pielou_e
Expo:Gender	0.0103749928671353	1	0.629982980180318	0.428807942623116	0.00482265224114667	0.95	0	0.055016420711936	2015	Nose	pielou_e
Gender	0.000157364945032601	1	0.00955540291132012	0.922279982583844	7.34976970093242e-05	0.95	0	0.017204685181655	2015	Nose	pielou_e
Residuals	2.1409293824756	130	NA	NA	NA	NA	NA	NA	2015	Nose	pielou_e
(Intercept)	11.1342133862021	1	822.550034857964	2.56046697945956e-58	NA	NA	NA	NA	2016	Nose	pielou_e
Age_num	0.0274103472558027	1	2.02496407322944	0.157109676761593	0.0152224365354063	0.95	0	0.0805551729991679	2016	Nose	pielou_e
Age_num:Expo	0.076845470955861	1	5.67702832889403	0.0186252377777218	0.041536082531975	0.95	0.000824545515216439	0.126684215207051	2016	Nose	pielou_e
Age_num:Gender	0.000200283065298956	1	0.0147960917066016	0.903371168717597	0.000112934509291948	0.95	0	0.0203224182891518	2016	Nose	pielou_e
Expo	0.137198821541708	1	10.1356864223076	0.00181705195551601	0.0718151920271923	0.95	0.010520658443185	0.169746847479707	2016	Nose	pielou_e
Expo:Gender	0.0215167022150005	1	1.58956574147481	0.209629068526591	0.0119886186562687	0.95	0	0.0735209844885309	2016	Nose	pielou_e
Gender	0.00453030954287525	1	0.334680694823697	0.563909113791359	0.00254830402033244	0.95	0	0.0463118740160329	2016	Nose	pielou_e
Residuals	1.77324404811962	131	NA	NA	NA	NA	NA	NA	2016	Nose	pielou_e
(Intercept)	428.926842807918	1	269.881224022398	1.61712497574511e-33	NA	NA	NA	NA	2015	Nose	shannon
Age_num	11.5473970714719	1	7.26563447398209	0.00795825800664582	0.0529311979784659	0.95	0.00371274633074193	0.144058018554634	2015	Nose	shannon
Age_num:Expo	0.0653482549200533	1	0.041117191244311	0.839628899903291	0.000316186081236462	0.95	0	0.0281734310983106	2015	Nose	shannon
Age_num:Gender	0.285210054213877	1	0.179454468344397	0.672542547159388	0.00137851605752454	0.95	0	0.0402819911759119	2015	Nose	shannon
Expo	0.000340652055086821	1	0.000214338634044751	0.988341585718373	1.64875600502032e-06	0.95	0	0	2015	Nose	shannon
Expo:Gender	1.45977373589668	1	0.918491181527592	0.339650440793491	0.00701574829680889	0.95	0	0.0615121258769645	2015	Nose	shannon
Gender	0.00030706855395124	1	0.000193207859542286	0.988931132458369	1.48621209534176e-06	0.95	0	0	2015	Nose	shannon
Residuals	206.611222277551	130	NA	NA	NA	NA	NA	NA	2015	Nose	shannon
(Intercept)	386.960287001148	1	306.830429367235	3.92669103546099e-36	NA	NA	NA	NA	2016	Nose	shannon
Age_num	9.7305435093881	1	7.71558979889131	0.00627879445215836	0.0556216486559103	0.95	0.0046223112666088	0.147513359824009	2016	Nose	shannon
Age_num:Expo	3.36290211918208	1	2.66652867441552	0.104880642892587	0.019949112921984	0.95	0	0.0900140514274629	2016	Nose	shannon
Age_num:Gender	2.40158019292832	1	1.90427262566574	0.169951477422378	0.0143281520454143	0.95	0	0.0786644082499496	2016	Nose	shannon
Expo	3.61786550578981	1	2.86869548070989	0.0926944850372644	0.021429173343392	0.95	0	0.0928238390469022	2016	Nose	shannon
Expo:Gender	1.96025293754107	1	1.55433327578736	0.214721458853644	0.0117260087797618	0.95	0	0.0729233726743127	2016	Nose	shannon
Gender	0.336627438583605	1	0.266920262846232	0.606276299232932	0.00203341605266397	0.95	0	0.0438605363298737	2016	Nose	shannon
Residuals	165.211115799988	131	NA	NA	NA	NA	NA	NA	2016	Nose	shannon
(Intercept)	517215.671514328	1	52.253276395918	3.71533270897485e-11	NA	NA	NA	NA	2015	Nose	observed_otus
Age_num	26640.0861293897	1	2.69139521556724	0.103308841852654	0.020283117915784	0.95	0	0.0909978592523242	2015	Nose	observed_otus
Age_num:Expo	1035.33192660892	1	0.104597536969867	0.746900323882877	0.000803949583258537	0.95	0	0.0355596985187625	2015	Nose	observed_otus
Age_num:Gender	5033.77589049609	1	0.508552422920762	0.477044345219437	0.00389669805908786	0.95	0	0.0518899472956464	2015	Nose	observed_otus
Expo	34377.8616538804	1	3.47312737381176	0.0646293409841826	0.0260211732664714	0.95	0	0.10154308899596	2015	Nose	observed_otus
Expo:Gender	4111.5838454687	1	0.41538518443039	0.52038440653517	0.0031850934139631	0.95	0	0.0492306816808304	2015	Nose	observed_otus
Gender	796.318779186113	1	0.0804505113819221	0.777139037812002	0.000618467348980181	0.95	0	0.0334146545232564	2015	Nose	observed_otus
Residuals	1286771.6999678	130	NA	NA	NA	NA	NA	NA	2015	Nose	observed_otus
(Intercept)	337880.431888595	1	65.9052332240621	3.02897622597769e-13	NA	NA	NA	NA	2016	Nose	observed_otus
Age_num	31016.8017800457	1	6.04997911170071	0.0152099250980087	0.044144327134627	0.95	0.00143723040152991	0.130673857249288	2016	Nose	observed_otus
Age_num:Expo	4073.32515298424	1	0.794522022788754	0.374370510011769	0.00602849049106436	0.95	0	0.0549516280692952	2016	Nose	observed_otus
Age_num:Gender	23426.4095153497	1	4.56943592170074	0.0344045335281904	0.0337055022072958	0.95	0	0.114246844695917	2016	Nose	observed_otus
Expo	305.691175205982	1	0.0596265610407724	0.807469181656462	0.000454957507550973	0.95	0	0.0308129516730783	2016	Nose	observed_otus
Expo:Gender	9285.1399214823	1	1.81111202156006	0.180699415628541	0.0136367506753957	0.95	0	0.0771755869287908	2016	Nose	observed_otus
Gender	5212.0168135697	1	1.01662940865217	0.315178616982735	0.00770076779876904	0.95	0	0.0630672527346586	2016	Nose	observed_otus
Residuals	671605.795353528	131	NA	NA	NA	NA	NA	NA	2016	Nose	observed_otus
(Intercept)	181585.477603207	1	1013.32807058722	2.2393897397725e-70	NA	NA	NA	NA	2015	Right_Arm	faith_pd
Age_num	39.8858098731107	1	0.222580634178501	0.637735612304345	0.00141570398654374	0.95	0	0.0353169877367924	2015	Right_Arm	faith_pd
Age_num:Expo	181.936734853061	1	1.01528824293124	0.31518968282562	0.00642525324113164	0.95	0	0.0531452149910096	2015	Right_Arm	faith_pd
Age_num:Gender	38.8561341108434	1	0.216834583518058	0.642107781977205	0.001379207157379	0.95	0	0.0351014007975564	2015	Right_Arm	faith_pd
Expo	5333.49898080113	1	29.7633065321665	1.86403777079857e-07	0.15936378020294	0.95	0.068468217394517	0.263682643389472	2015	Right_Arm	faith_pd
Expo:Gender	46.4062887221808	1	0.258967818542832	0.611544579606397	0.00164676025879585	0.95	0	0.0366013297550259	2015	Right_Arm	faith_pd
Gender	556.663996293624	1	3.10643373454236	0.0799294304289006	0.0194023042177858	0.95	0	0.0813773494193597	2015	Right_Arm	faith_pd
Residuals	28133.9487291443	157	NA	NA	NA	NA	NA	NA	2015	Right_Arm	faith_pd
(Intercept)	79808.2134217705	1	356.329410954249	2.04579122092979e-30	NA	NA	NA	NA	2016	Right_Arm	faith_pd
Age_num	2.11160282496712	1	0.00942792926353883	0.922904553052864	0.00012403631392033	0.95	0	0.0288720956796838	2016	Right_Arm	faith_pd
Age_num:Expo	398.849575843335	1	1.78079208049079	0.186036572268949	0.0228950108742522	0.95	0	0.125428432548737	2016	Right_Arm	faith_pd
Age_num:Gender	705.682287868451	1	3.15074530773068	0.0798962428231282	0.0398068937377769	0.95	0	0.156101068685688	2016	Right_Arm	faith_pd
Expo	1757.20454289903	1	7.84560426617117	0.00645757822356817	0.093572040357238	0.95	0.00790380198983195	0.232780452933339	2016	Right_Arm	faith_pd
Expo:Gender	78.681544500876	1	0.351299035561667	0.5551382233127	0.00460108786620703	0.95	0	0.0781326483580325	2016	Right_Arm	faith_pd
Gender	247.340820783211	1	1.10433256422929	0.296647294032213	0.0143225747179558	0.95	0	0.10677012506617	2016	Right_Arm	faith_pd
Residuals	17021.9578670516	76	NA	NA	NA	NA	NA	NA	2016	Right_Arm	faith_pd
(Intercept)	43.2082756213097	1	11117.3734809798	1.24501098388732e-147	NA	NA	NA	NA	2015	Right_Arm	pielou_e
Age_num	0.000851982262074502	1	0.219212751965989	0.640289758648209	0.0013943127441544	0.95	0	0.035191070871526	2015	Right_Arm	pielou_e
Age_num:Expo	0.00100654651625054	1	0.258981720196617	0.611535027282515	0.00164684851296704	0.95	0	0.0366017706585706	2015	Right_Arm	pielou_e
Age_num:Gender	8.24711021392144e-05	1	0.0212195934849456	0.884369182156928	0.000135138381550477	0.95	0	0.0192704103187089	2015	Right_Arm	pielou_e
Expo	0.00500105242735305	1	1.28675738231553	0.258375382571142	0.00812928007115326	0.95	0	0.0575503968533734	2015	Right_Arm	pielou_e
Expo:Gender	0.000568205269359967	1	0.146197692513793	0.702712885109217	0.000930329175382638	0.95	0	0.0320329725241041	2015	Right_Arm	pielou_e
Gender	0.013546682116679	1	3.48552499153552	0.0637723427195482	0.0217186253509116	0.95	0	0.0856452373610878	2015	Right_Arm	pielou_e
Residuals	0.610189023886942	157	NA	NA	NA	NA	NA	NA	2015	Right_Arm	pielou_e
(Intercept)	22.5819241725129	1	6084.62663841709	2.67855997318073e-74	NA	NA	NA	NA	2016	Right_Arm	pielou_e
Age_num	0.00992213316303192	1	2.67348678051058	0.106167751263894	0.0339820553265839	0.95	0	0.146158387266525	2016	Right_Arm	pielou_e
Age_num:Expo	0.000431282789081222	1	0.116207756570569	0.734125035101725	0.00152671500585284	0.95	0	0.0607393112522709	2016	Right_Arm	pielou_e
Age_num:Gender	0.00260548726359933	1	0.702040140115692	0.404726362782985	0.00915282225652979	0.95	0	0.0933375696510856	2016	Right_Arm	pielou_e
Expo	0.0155088660657956	1	4.1788139431646	0.044396475588578	0.0521186799561139	0.95	0	0.175660763462001	2016	Right_Arm	pielou_e
Expo:Gender	8.24313742445182e-05	1	0.0222108679374646	0.881922262903735	0.000292162878241575	0.95	0	0.0395341876611261	2016	Right_Arm	pielou_e
Gender	0.00426420244286946	1	1.14897559558139	0.287155751625355	0.0148929468824624	0.95	0	0.108122166137603	2016	Right_Arm	pielou_e
Residuals	0.282059416148081	76	NA	NA	NA	NA	NA	NA	2016	Right_Arm	pielou_e
(Intercept)	3122.81862168493	1	5175.75195851588	4.18932368522972e-122	NA	NA	NA	NA	2015	Right_Arm	shannon
Age_num	0.156397828553224	1	0.259213379163605	0.611375893646216	0.00164831918965932	0.95	0	0.0366095789656275	2015	Right_Arm	shannon
Age_num:Expo	0.395933437706148	1	0.656219112893544	0.419124051337688	0.0041623420667195	0.95	0	0.0465235996492521	2015	Right_Arm	shannon
Age_num:Gender	0.0414491386449214	1	0.0686977011826891	0.793586023247906	0.000437373596318879	0.95	0	0.0267772317228888	2015	Right_Arm	shannon
Expo	4.58535913989306	1	7.5997630422721	0.00652946509133925	0.0461711663601869	0.95	0.00370929360560366	0.12500465625536	2015	Right_Arm	shannon
Expo:Gender	0.235511076148001	1	0.390335482554382	0.533030037836889	0.00248004733808861	0.95	0	0.0404651395337488	2015	Right_Arm	shannon
Gender	2.49297724225335	1	4.13185439414551	0.0437682436808674	0.0256426912585426	0.95	0	0.092582035141432	2015	Right_Arm	shannon
Residuals	94.72681989674	157	NA	NA	NA	NA	NA	NA	2015	Right_Arm	shannon
(Intercept)	1594.00294760426	1	2765.47197236379	1.5926013318546e-61	NA	NA	NA	NA	2016	Right_Arm	shannon
Age_num	0.722120101352935	1	1.25282258980354	0.266539148247679	0.0162171756034827	0.95	0	0.111187510294441	2016	Right_Arm	shannon
Age_num:Expo	0.0782700865729424	1	0.13579255359426	0.713524629970972	0.00178355736559348	0.95	0	0.0629114435027151	2016	Right_Arm	shannon
Age_num:Gender	1.00501875544138	1	1.74362989983825	0.190642374428029	0.0224279455703917	0.95	0	0.124486082280328	2016	Right_Arm	shannon
Expo	4.42097584536688	1	7.6700515574547	0.00705190460565795	0.091670214308256	0.95	0.00728324369834709	0.230361670089787	2016	Right_Arm	shannon
Expo:Gender	0.398611542212876	1	0.691560231746883	0.408239452433175	0.00901742290360403	0.95	0	0.0929477496359068	2016	Right_Arm	shannon
Gender	0.825840264009784	1	1.43276905930514	0.235033472342008	0.0185033943214376	0.95	0	0.116268279206249	2016	Right_Arm	shannon
Residuals	43.805985100755	76	NA	NA	NA	NA	NA	NA	2016	Right_Arm	shannon
(Intercept)	9651794.01769238	1	799.611875715552	1.70630710052986e-63	NA	NA	NA	NA	2015	Right_Arm	observed_otus
Age_num	3515.62018697127	1	0.291254832713438	0.590182129111445	0.00185169120192474	0.95	0	0.037645159324059	2015	Right_Arm	observed_otus
Age_num:Expo	14822.9840578542	1	1.2280239367392	0.269486443095839	0.00776110265543212	0.95	0	0.0566291118170829	2015	Right_Arm	observed_otus
Age_num:Gender	988.012539268006	1	0.0818528201395931	0.775179208962965	0.000521083872325567	0.95	0	0.0279479292903151	2015	Right_Arm	observed_otus
Expo	258146.28007126	1	21.3863692944956	7.79797803836233e-06	0.119887911722611	0.95	0.0410403389596807	0.219415133329519	2015	Right_Arm	observed_otus
Expo:Gender	4636.52428840101	1	0.384117178242003	0.536306431790676	0.00244063495814498	0.95	0	0.0377006371639873	2015	Right_Arm	observed_otus
Gender	33772.7409271465	1	2.79793421526702	0.0963773889477397	0.0175092014111889	0.95	0	0.077774312432145	2015	Right_Arm	observed_otus
Residuals	1895083.98611723	157	NA	NA	NA	NA	NA	NA	2015	Right_Arm	observed_otus
(Intercept)	4573092.02280748	1	235.524805847104	5.46072281305775e-25	NA	NA	NA	NA	2016	Right_Arm	observed_otus
Age_num	572.559183665086	1	0.0294881209247804	0.86411325390037	0.000387851104269959	0.95	0	0.0430372900376154	2016	Right_Arm	observed_otus
Age_num:Expo	26693.1723897865	1	1.37476005582064	0.244657859530741	0.0177675517808242	0.95	0	0.114659644785188	2016	Right_Arm	observed_otus
Age_num:Gender	27102.8895473899	1	1.39586143613739	0.241101573176913	0.0180353498266723	0.95	0	0.115247824840036	2016	Right_Arm	observed_otus
Expo	96013.0037870926	1	4.94489154448931	0.0291381982803417	0.0610896061522484	0.95	0	0.188971894887762	2016	Right_Arm	observed_otus
Expo:Gender	14886.8133735959	1	0.766705286491423	0.383997264363763	0.00998747156895816	0.95	0	0.0956870073743583	2016	Right_Arm	observed_otus
Gender	7533.60235155397	1	0.387997928388447	0.535218360694096	0.00507930485037955	0.95	0	0.0800254486562245	2016	Right_Arm	observed_otus
Residuals	1475661.94772279	76	NA	NA	NA	NA	NA	NA	2016	Right_Arm	observed_otus
(Intercept)	188700.636052296	1	1354.08220155823	4.27377566052492e-79	NA	NA	NA	NA	2015	Right_Hand	faith_pd
Age_num	875.276739179517	1	6.28083020150737	0.0132237100641134	0.0384664274045894	0.95	0.00156668503402817	0.113422553203317	2015	Right_Hand	faith_pd
Age_num:Expo	658.371804935425	1	4.72435897260973	0.0312366662616577	0.0292124142746478	0.95	0	0.0986294219796601	2015	Right_Hand	faith_pd
Age_num:Gender	14.2398284217707	1	0.102182476024188	0.749651100365129	0.000650420474201764	0.95	0	0.0294659972567651	2015	Right_Hand	faith_pd
Expo	10779.4332052243	1	77.3512954245414	2.41076095514698e-15	0.330065576485997	0.95	0.216977766504606	0.433969690808491	2015	Right_Hand	faith_pd
Expo:Gender	20.6490263244887	1	0.1481737402186	0.700807703684035	0.000942891900630967	0.95	0	0.0321326583875975	2015	Right_Hand	faith_pd
Gender	514.237911230193	1	3.69007978738509	0.0565491678251639	0.0229639551630541	0.95	0	0.0878835783406975	2015	Right_Hand	faith_pd
Residuals	21879.0261227257	157	NA	NA	NA	NA	NA	NA	2015	Right_Hand	faith_pd
(Intercept)	112077.578898273	1	512.26508364148	3.38545577033072e-43	NA	NA	NA	NA	2016	Right_Hand	faith_pd
Age_num	701.212253866852	1	3.20498138350729	0.0761653368205749	0.0283113105478079	0.95	0	0.113907655157283	2016	Right_Hand	faith_pd
Age_num:Expo	497.197104170587	1	2.27250373052243	0.13455365894167	0.0202409642166431	0.95	0	0.0988743356714573	2016	Right_Hand	faith_pd
Age_num:Gender	62.367124276363	1	0.285057015399197	0.59448297534255	0.00258472927442377	0.95	0	0.0526080815314764	2016	Right_Hand	faith_pd
Expo	5610.69010258006	1	25.644385459944	1.66401649820342e-06	0.189056003851459	0.95	0.0748336229000059	0.315742298664593	2016	Right_Hand	faith_pd
Expo:Gender	60.2583243917506	1	0.275418472526544	0.60077604663001	0.0024975509169812	0.95	0	0.052181975384779	2016	Right_Hand	faith_pd
Gender	514.104336936445	1	2.34978042664744	0.128171764391774	0.0209148644325264	0.95	0	0.100195687886624	2016	Right_Hand	faith_pd
Residuals	24066.7070087455	110	NA	NA	NA	NA	NA	NA	2016	Right_Hand	faith_pd
(Intercept)	42.6287374366429	1	12268.8905662787	6.01778820959471e-151	NA	NA	NA	NA	2015	Right_Hand	pielou_e
Age_num	0.0197974763529989	1	5.69787156432758	0.0181753368650434	0.0350211807293051	0.95	0.000745454121370832	0.108044153278026	2015	Right_Hand	pielou_e
Age_num:Expo	0.00784068488238854	1	2.25661163269668	0.135053545059853	0.0141696574450626	0.95	0	0.0711088956441447	2015	Right_Hand	pielou_e
Age_num:Gender	0.000370993467716962	1	0.106774878401891	0.744281417801795	0.000679632552348762	0.95	0	0.0262334023377698	2015	Right_Hand	pielou_e
Expo	0.0298125701509784	1	8.5802954222016	0.00390473310429678	0.051819544108937	0.95	0.00556043746548147	0.133170422601364	2015	Right_Hand	pielou_e
Expo:Gender	4.73671549484633e-05	1	0.0136326449114846	0.907200323842998	8.68245940294563e-05	0.95	0	0.016507318841693	2015	Right_Hand	pielou_e
Gender	0.000750504455618306	1	0.216001167033642	0.642747771652568	0.00137391337669346	0.95	0	0.0350697774896858	2015	Right_Hand	pielou_e
Residuals	0.545502606074911	157	NA	NA	NA	NA	NA	NA	2015	Right_Hand	pielou_e
(Intercept)	29.8092553269152	1	3152.0693957022	8.35684045771328e-83	NA	NA	NA	NA	2016	Right_Hand	pielou_e
Age_num	0.0674186395372163	1	7.1289345558814	0.00873469401342261	0.0608639921716374	0.95	0.00398596344293154	0.164602753100068	2016	Right_Hand	pielou_e
Age_num:Expo	0.0136617838719544	1	1.44461478024925	0.23197518724243	0.0129626252744271	0.95	0	0.0834874353670521	2016	Right_Hand	pielou_e
Age_num:Gender	0.0071802555869136	1	0.7592495565763	0.385461249558671	0.00685495396200271	0.95	0	0.0679037479292437	2016	Right_Hand	pielou_e
Expo	0.0317503771378467	1	3.35732613849787	0.0696118028517737	0.0296171959313503	0.95	0	0.116203437171774	2016	Right_Hand	pielou_e
Expo:Gender	0.00465681647726646	1	0.492417825887109	0.484332798486579	0.00445657571420924	0.95	0	0.0602423425281179	2016	Right_Hand	pielou_e
Gender	0.0142233938065477	1	1.50400014455103	0.222675642439137	0.0134883066311638	0.95	0	0.0846844577769996	2016	Right_Hand	pielou_e
Residuals	1.04027471299698	110	NA	NA	NA	NA	NA	NA	2016	Right_Hand	pielou_e
(Intercept)	3092.30507497934	1	6459.5587502136	1.84903066840069e-129	NA	NA	NA	NA	2015	Right_Hand	shannon
Age_num	3.3713194406856	1	7.042395709612	0.00877923771658707	0.0429303393134934	0.95	0.00275437755497096	0.120201228248507	2015	Right_Hand	shannon
Age_num:Expo	2.04759522331946	1	4.27724992230179	0.0402661378075157	0.0265210990661264	0.95	0	0.0940913031137186	2015	Right_Hand	shannon
Age_num:Gender	0.0654343674055582	1	0.136686753179451	0.712095513609938	0.000869858948942651	0.95	0	0.0315376079425472	2015	Right_Hand	shannon
Expo	14.9500117027069	1	31.2292857814689	9.90244337888182e-08	0.165910876470761	0.95	0.0733481369268417	0.270770261207702	2015	Right_Hand	shannon
Expo:Gender	0.0181465969825325	1	0.0379066768908307	0.845882366917028	0.000241385520814567	0.95	0	0.0229274351142081	2015	Right_Hand	shannon
Gender	0.537567999808573	1	1.12293321415627	0.290915282845396	0.00710164674617696	0.95	0	0.05493895671733	2015	Right_Hand	shannon
Residuals	75.1586780994447	157	NA	NA	NA	NA	NA	NA	2015	Right_Hand	shannon
(Intercept)	2118.533042485	1	1853.3311568926	1.13370242287316e-70	NA	NA	NA	NA	2016	Right_Hand	shannon
Age_num	8.3620066473168	1	7.31523518530393	0.00792509563880036	0.0623553724607826	0.95	0.00442550631905936	0.166696941175065	2016	Right_Hand	shannon
Age_num:Expo	2.42599465099761	1	2.12230415244066	0.148016664513385	0.0189284742985231	0.95	0	0.0962586253053903	2016	Right_Hand	shannon
Age_num:Gender	1.21199320980905	1	1.06027365759026	0.305411577572323	0.00954683094748339	0.95	0	0.0752353053055252	2016	Right_Hand	shannon
Expo	12.3883749441725	1	10.8375752498866	0.0013376371881712	0.0896871294171124	0.95	0.0146146191688757	0.202957002746927	2016	Right_Hand	shannon
Expo:Gender	0.499794993301137	1	0.437229731407639	0.509845205415817	0.00395907913002724	0.95	0	0.0584211848537869	2016	Right_Hand	shannon
Gender	3.16481153331435	1	2.76863457060102	0.0989744803211978	0.0245514595538324	0.95	0	0.107102727087176	2016	Right_Hand	shannon
Residuals	125.74041816902	110	NA	NA	NA	NA	NA	NA	2016	Right_Hand	shannon
(Intercept)	10075754.5732187	1	1017.66198599877	1.67491167182859e-70	NA	NA	NA	NA	2015	Right_Hand	observed_otus
Age_num	57749.1921334004	1	5.83273015725381	0.0168796855653362	0.0358203793034786	0.95	0.000929041971399712	0.109304180341194	2015	Right_Hand	observed_otus
Age_num:Expo	60619.7345411393	1	6.12265800993474	0.0144096344371834	0.0375340745708168	0.95	0.00133662221436394	0.111980489044668	2015	Right_Hand	observed_otus
Age_num:Gender	676.032684508944	1	0.0682800240238165	0.794200189806603	0.000434715551818438	0.95	0	0.0267368626192121	2015	Right_Hand	observed_otus
Expo	655421.16525609	1	66.1982385391775	1.16644205278158e-13	0.29658943086846	0.95	0.18496335370935	0.402395905294095	2015	Right_Hand	observed_otus
Expo:Gender	2304.28629389592	1	0.232735379679535	0.630174885357741	0.00148019672314124	0.95	0	0.035688844380984	2015	Right_Hand	observed_otus
Gender	21749.8415930343	1	2.19675725821647	0.140305799137639	0.0137990075680583	0.95	0	0.0703403089679736	2015	Right_Hand	observed_otus
Residuals	1554438.98834721	157	NA	NA	NA	NA	NA	NA	2015	Right_Hand	observed_otus
(Intercept)	6659310.8449415	1	347.630578858388	7.70916430269283e-36	NA	NA	NA	NA	2016	Right_Hand	observed_otus
Age_num	62799.0575504466	1	3.27824804042688	0.072933479621699	0.0289397840903837	0.95	0	0.115016563869222	2016	Right_Hand	observed_otus
Age_num:Expo	32543.8727306263	1	1.69886127544789	0.19515844739689	0.0152092980720593	0.95	0	0.0884932108317496	2016	Right_Hand	observed_otus
Age_num:Gender	10179.2342506493	1	0.531378272809766	0.467577185318367	0.00480748798317014	0.95	0	0.0614660498037711	2016	Right_Hand	observed_otus
Expo	374236.281761513	1	19.5359517355145	2.32558077754735e-05	0.150814900989054	0.95	0.0484162818103979	0.274766396916468	2016	Right_Hand	observed_otus
Expo:Gender	8390.28485665331	1	0.437991205008958	0.509477640070131	0.00396594686511369	0.95	0	0.0584471472111057	2016	Right_Hand	observed_otus
Gender	56426.8150268854	1	2.94560305528186	0.0889264530668298	0.0260798382194668	0.95	0	0.109906094486457	2016	Right_Hand	observed_otus
Residuals	2107191.47708226	110	NA	NA	NA	NA	NA	NA	2016	Right_Hand	observed_otus
