Factors	Sum Sq	Df	F value	Pr(>F)	Eta2_partial	CI	CI_low	CI_high	Year	Body_Site	Indice
(Intercept)	34747.4598200296	1	994.701315078644	4.44806719718657e-68	NA	NA	NA	NA	2015	Feces	faith_pd
Age_num	164.541181696281	1	4.71025308513461	0.0315567400260541	0.0304456426849915	0.95	0	0.10263621886195	2015	Feces	faith_pd
Expo	802.821614931969	1	22.9820458900443	3.90165405730375e-06	0.132857984028312	0.95	0.0480961195792184	0.236691830769273	2015	Feces	faith_pd
Gender	207.051245325171	1	5.92717128332069	0.0160829612853816	0.0380124338467667	0.95	0.00110137657625659	0.114763872349268	2015	Feces	faith_pd
Residuals	5239.88346450749	150	NA	NA	NA	NA	NA	NA	2015	Feces	faith_pd
(Intercept)	32381.5152910063	1	1138.46430052754	5.22016984848364e-78	NA	NA	NA	NA	2016	Feces	faith_pd
Age_num	50.5026387470616	1	1.77556395305371	0.184447447165612	0.010159108704296	0.95	0	0.0590694357930693	2016	Feces	faith_pd
Expo	456.154431521582	1	16.0374068707955	9.20526496560287e-05	0.0848372136301935	0.95	0.022473694198322	0.172436154270653	2016	Feces	faith_pd
Gender	62.1781631529484	1	2.18605023223447	0.141084452772766	0.0124784492220502	0.95	0	0.0641113847007796	2016	Feces	faith_pd
Residuals	4920.66562188051	173	NA	NA	NA	NA	NA	NA	2016	Feces	faith_pd
(Intercept)	34.3015137651627	1	6171.8013923886	9.16424088982232e-124	NA	NA	NA	NA	2015	Feces	pielou_e
Age_num	0.00174843793737789	1	0.314592871040388	0.57571227894091	0.00209289640501031	0.95	0	0.0400732651074896	2015	Feces	pielou_e
Expo	0.00920308014924742	1	1.65589143581984	0.200141297941171	0.0109187412380917	0.95	0	0.06578388096048	2015	Feces	pielou_e
Gender	0.00713186775283348	1	1.28322241486535	0.259108193408283	0.0084822519931943	0.95	0	0.060021273747105	2015	Feces	pielou_e
Residuals	0.833666985966167	150	NA	NA	NA	NA	NA	NA	2015	Feces	pielou_e
(Intercept)	34.0333585767904	1	6738.75983503582	1.79597668683678e-140	NA	NA	NA	NA	2016	Feces	pielou_e
Age_num	3.37113559435442e-05	1	0.00667500184868256	0.934979179662279	3.85823370607593e-05	0.95	0	0.0109535052808627	2016	Feces	pielou_e
Expo	0.0477477230000249	1	9.45426638516994	0.00244870855503727	0.0518171845059053	0.95	0.00674107716344687	0.128783781209266	2016	Feces	pielou_e
Gender	0.000369111581819292	1	0.0730857724957736	0.78721800943364	0.000422282714666824	0.95	0	0.0247375455280268	2016	Feces	pielou_e
Residuals	0.873717297828798	173	NA	NA	NA	NA	NA	NA	2016	Feces	pielou_e
(Intercept)	1951.22925379556	1	2954.50482262136	1.35269070972487e-100	NA	NA	NA	NA	2015	Feces	shannon
Age_num	0.445889377419235	1	0.675155066160562	0.412564175773886	0.00448086524858133	0.95	0	0.0489886634215932	2015	Feces	shannon
Expo	5.77324392066062	1	8.74170832185997	0.00361383819589037	0.0550687554913768	0.95	0.00613928891000657	0.139931575308178	2015	Feces	shannon
Gender	2.58327148105126	1	3.9115280964857	0.0497882636367497	0.0254141333327131	0.95	0	0.0940949155768782	2015	Feces	shannon
Residuals	99.0637706286267	150	NA	NA	NA	NA	NA	NA	2015	Feces	shannon
(Intercept)	1901.80529608571	1	3580.28334231248	1.5733400296921e-117	NA	NA	NA	NA	2016	Feces	shannon
Age_num	0.107164467615249	1	0.201744710186867	0.653878403557781	0.00116479606209764	0.95	0	0.0314243592876278	2016	Feces	shannon
Expo	7.24400432866366	1	13.6373518797821	0.000297054214206984	0.0730687171802901	0.95	0.0162330994156652	0.157451582173074	2016	Feces	shannon
Gender	0.184502542262777	1	0.347339120380677	0.556392112771616	0.00200371763502795	0.95	0	0.0392997859357305	2016	Feces	shannon
Residuals	91.8956084660946	173	NA	NA	NA	NA	NA	NA	2016	Feces	shannon
(Intercept)	2606056.037413	1	424.329214203131	1.40498482401342e-45	NA	NA	NA	NA	2015	Feces	observed_otus
Age_num	29693.9758172552	1	4.8349004181854	0.0294207922429658	0.0312261667435899	0.95	0	0.103923530450016	2015	Feces	observed_otus
Expo	98024.3514533079	1	15.9607450598968	0.000101030423964422	0.0961718089065966	0.95	0.025405541312355	0.193553439696281	2015	Feces	observed_otus
Gender	33786.5417162782	1	5.50126953959955	0.0203121582382626	0.0353776503297204	0.95	0.000500056604093867	0.110624957784027	2015	Feces	observed_otus
Residuals	921238.492489978	150	NA	NA	NA	NA	NA	NA	2015	Feces	observed_otus
(Intercept)	2341088.09681804	1	671.524985134477	1.86394886600885e-61	NA	NA	NA	NA	2016	Feces	observed_otus
Age_num	1778.76588175294	1	0.510226733425958	0.476003394098033	0.00294061475817129	0.95	0	0.0395338108064397	2016	Feces	observed_otus
Expo	34186.4499159143	1	9.8061475357496	0.0020425481601081	0.0536423291444939	0.95	0.00744762947240897	0.131346906941129	2016	Feces	observed_otus
Gender	3172.56402655283	1	0.910028124812879	0.341437970953264	0.00523275244461328	0.95	0	0.0467914375314028	2016	Feces	observed_otus
Residuals	603117.15828178	173	NA	NA	NA	NA	NA	NA	2016	Feces	observed_otus
(Intercept)	8006.49710192094	1	435.310829139878	1.64546912145688e-47	NA	NA	NA	NA	2015	Mouth	faith_pd
Age_num	217.308370157255	1	11.8149904493807	0.000748912044478086	0.0687657719415442	0.95	0.0127299022741313	0.155502566130931	2015	Mouth	faith_pd
Expo	219.028572174521	1	11.9085173134877	0.000714724691355879	0.0692724101143378	0.95	0.0129633177067722	0.156172559276656	2015	Mouth	faith_pd
Gender	0.0624524885993196	1	0.00339552294192375	0.953605386510511	2.12215680225167e-05	0.95	0	0.00767886449809815	2015	Mouth	faith_pd
Residuals	2942.81568606628	160	NA	NA	NA	NA	NA	NA	2015	Mouth	faith_pd
(Intercept)	5396.88089763054	1	332.50967490334	3.88636961125797e-39	NA	NA	NA	NA	2016	Mouth	faith_pd
Age_num	506.740526163719	1	31.2210202172559	1.12691285663269e-07	0.179203520782526	0.95	0.0795178666855057	0.29000979729447	2016	Mouth	faith_pd
Expo	170.29767357528	1	10.4922871472247	0.00149069500555504	0.0683570969084643	0.95	0.0106055841759968	0.160527047687368	2016	Mouth	faith_pd
Gender	0.875568397640109	1	0.0539450413632013	0.816667587088019	0.000377095796607381	0.95	0	0.0275896571850355	2016	Mouth	faith_pd
Residuals	2320.9970313962	143	NA	NA	NA	NA	NA	NA	2016	Mouth	faith_pd
(Intercept)	28.4147976618266	1	3130.23846060834	5.77162601715043e-107	NA	NA	NA	NA	2015	Mouth	pielou_e
Age_num	0.00502210771751055	1	0.553246759585016	0.458084991976345	0.00344587712021456	0.95	0	0.0435562286739428	2015	Mouth	pielou_e
Expo	0.344712352357917	1	37.9742933959769	5.59766293524185e-09	0.191814264087423	0.95	0.0942713223038167	0.297244920155247	2015	Mouth	pielou_e
Gender	0.0207804023362723	1	2.28921618214801	0.132248460634503	0.0141057812466028	0.95	0	0.0702744890110501	2015	Mouth	pielou_e
Residuals	1.45240296645282	160	NA	NA	NA	NA	NA	NA	2015	Mouth	pielou_e
(Intercept)	20.8323820269038	1	2040.4595363462	1.56913500588686e-86	NA	NA	NA	NA	2016	Mouth	pielou_e
Age_num	0.00369498351043318	1	0.36191081417231	0.548399470344373	0.00252445584825822	0.95	0	0.0434218958757179	2016	Mouth	pielou_e
Expo	0.0103994478818317	1	1.01858983652541	0.314558415778041	0.00707262748289371	0.95	0	0.0581127331414645	2016	Mouth	pielou_e
Gender	0.00411106202458411	1	0.40266426094434	0.526730412670489	0.00280792733537801	0.95	0	0.0446012804535528	2016	Mouth	pielou_e
Residuals	1.45998025287074	143	NA	NA	NA	NA	NA	NA	2016	Mouth	pielou_e
(Intercept)	1094.15559258048	1	1522.39729817397	1.19106127066231e-83	NA	NA	NA	NA	2015	Mouth	shannon
Age_num	0.000171637333124863	1	0.000238814492186454	0.98768953589905	1.49258834834203e-06	0.95	0	0	2015	Mouth	shannon
Expo	29.8880444978546	1	41.5859302824795	1.27341288035066e-09	0.20629381338373	0.95	0.106041079643144	0.312246013529631	2015	Mouth	shannon
Gender	0.706344600819364	1	0.982800909814907	0.323005151855477	0.00610500565439588	0.95	0	0.0516537989930624	2015	Mouth	shannon
Residuals	114.992909553149	160	NA	NA	NA	NA	NA	NA	2015	Mouth	shannon
(Intercept)	767.376976345814	1	835.645294251956	1.36182172398214e-61	NA	NA	NA	NA	2016	Mouth	shannon
Age_num	3.25050876868335	1	3.53968445783925	0.0619495979167157	0.024155125425138	0.95	0	0.0939272510198421	2016	Mouth	shannon
Expo	0.0948225709894359	1	0.103258291138104	0.748423236786928	0.000721564920122428	0.95	0	0.030919426841664	2016	Mouth	shannon
Gender	0.112442482022942	1	0.122445725989749	0.726911731117287	0.000855531257648947	0.95	0	0.0336701913875553	2016	Mouth	shannon
Residuals	131.317567839214	143	NA	NA	NA	NA	NA	NA	2016	Mouth	shannon
(Intercept)	389618.156338088	1	287.186985178721	1.52879322067084e-37	NA	NA	NA	NA	2015	Mouth	observed_otus
Age_num	4394.73573524112	1	3.23935341803194	0.0737731168853427	0.0198441941247858	0.95	0	0.0814595661723	2015	Mouth	observed_otus
Expo	20939.8803172162	1	15.4347557999486	0.000126762435019943	0.0879800341133607	0.95	0.0224349745298008	0.180152815537348	2015	Mouth	observed_otus
Gender	0.496991227526451	1	0.000366331522214126	0.984753437266302	2.28956677171028e-06	0.95	0	0	2015	Mouth	observed_otus
Residuals	217067.30538398	160	NA	NA	NA	NA	NA	NA	2015	Mouth	observed_otus
(Intercept)	255951.126596497	1	167.622297154847	7.35932267763021e-26	NA	NA	NA	NA	2016	Mouth	observed_otus
Age_num	25866.2380500279	1	16.9397896323193	6.49041176304713e-05	0.105913542035172	0.95	0.0296934823431476	0.207882049078792	2016	Mouth	observed_otus
Expo	10681.1897438379	1	6.99510717150094	0.0090869447866015	0.0466355690089471	0.95	0.00291327978043824	0.130074605353432	2016	Mouth	observed_otus
Gender	186.958425415301	1	0.122439002935003	0.726918925426732	0.000855484323688004	0.95	0	0.0336480476335794	2016	Mouth	observed_otus
Residuals	218354.071770581	143	NA	NA	NA	NA	NA	NA	2016	Mouth	observed_otus
(Intercept)	16724.5075845673	1	96.8312193606307	1.67886473778747e-17	NA	NA	NA	NA	2015	Nose	faith_pd
Age_num	1206.07833743077	1	6.98292822478248	0.00921662645528885	0.0498841416831158	0.95	0.00308603401105527	0.138453601927003	2015	Nose	faith_pd
Expo	1620.82226562996	1	9.38420432136563	0.00264989479281364	0.0659076220293733	0.95	0.00842728378698086	0.161001932015055	2015	Nose	faith_pd
Gender	13.1272522436739	1	0.0760039023679513	0.783215550833329	0.000571131534906263	0.95	0	0.0322400456856342	2015	Nose	faith_pd
Residuals	22971.511909431	133	NA	NA	NA	NA	NA	NA	2015	Nose	faith_pd
(Intercept)	14126.8795774114	1	125.933031731552	5.15117454005566e-21	NA	NA	NA	NA	2016	Nose	faith_pd
Age_num	1083.41691612268	1	9.65804062595242	0.00230241276452386	0.0672293773733097	0.95	0.009061094949357	0.162394355593646	2016	Nose	faith_pd
Expo	498.425195134054	1	4.44317484060576	0.0369033817286284	0.0320938525551825	0.95	0	0.110506084314713	2016	Nose	faith_pd
Gender	64.9145453310484	1	0.578675952620538	0.448168278691859	0.00429990820257635	0.95	0	0.0522126831135069	2016	Nose	faith_pd
Residuals	15031.8136341575	134	NA	NA	NA	NA	NA	NA	2016	Nose	faith_pd
(Intercept)	13.5465377053457	1	836.650568344074	3.1400974758928e-59	NA	NA	NA	NA	2015	Nose	pielou_e
Age_num	0.0116052264930073	1	0.716752837686693	0.39873185940458	0.00536023215099106	0.95	0	0.055866793156064	2015	Nose	pielou_e
Expo	0.0316542556525308	1	1.95500515026417	0.164375782426275	0.0144863478615512	0.95	0	0.0783598242123558	2015	Nose	pielou_e
Gender	0.00543870549421666	1	0.335901035509375	0.563185269158919	0.00251920925197723	0.95	0	0.0440864191799249	2015	Nose	pielou_e
Residuals	2.1534551974033	133	NA	NA	NA	NA	NA	NA	2015	Nose	pielou_e
(Intercept)	12.2336301325907	1	873.552547510716	1.46272769060741e-60	NA	NA	NA	NA	2016	Nose	pielou_e
Age_num	0.00415887841275997	1	0.296968176483887	0.586695205832527	0.00221127982646363	0.95	0	0.044027488764846	2016	Nose	pielou_e
Expo	0.0403202261122546	1	2.87909932332647	0.0920578702392046	0.0210338856520794	0.95	0	0.09106729324136	2016	Nose	pielou_e
Gender	0.0144240722464302	1	1.02996289080054	0.31199632910721	0.0076276618074277	0.95	0	0.0620007654279025	2016	Nose	pielou_e
Residuals	1.87659739810563	134	NA	NA	NA	NA	NA	NA	2016	Nose	pielou_e
(Intercept)	454.578561806247	1	289.554609644795	3.42557595036863e-35	NA	NA	NA	NA	2015	Nose	shannon
Age_num	11.964419048108	1	7.62102082715077	0.00658434115551627	0.0541954594151213	0.95	0.00436094122825414	0.144691724905606	2015	Nose	shannon
Expo	0.0172222917111071	1	0.0109701476765284	0.916741121594919	8.24755105864477e-05	0.95	0	0.0178343223332138	2015	Nose	shannon
Gender	0.939672982060586	1	0.598547019976458	0.440505904289233	0.00448019108985489	0.95	0	0.0530774178673438	2015	Nose	shannon
Residuals	208.799814288564	133	NA	NA	NA	NA	NA	NA	2015	Nose	shannon
(Intercept)	422.115794947297	1	325.355981813393	1.15659268244375e-37	NA	NA	NA	NA	2016	Nose	shannon
Age_num	7.779293692632	1	5.99607919788226	0.0156299686741281	0.0428303366225485	0.95	0.00132161995280177	0.12754176383782	2016	Nose	shannon
Expo	0.0251798748136878	1	0.0194079989188004	0.889412301106369	0.000144814838452032	0.95	0	0.021849859929991	2016	Nose	shannon
Gender	0.787705016440924	1	0.607142736829997	0.437239586263812	0.00451047934370779	0.95	0	0.0529113711702205	2016	Nose	shannon
Residuals	173.851165138189	134	NA	NA	NA	NA	NA	NA	2016	Nose	shannon
(Intercept)	536353.697134975	1	54.9422175556407	1.29509406307945e-11	NA	NA	NA	NA	2015	Nose	observed_otus
Age_num	33613.8826818161	1	3.44328987580255	0.0657226321310151	0.0252360513949554	0.95	0	0.0990913291899479	2015	Nose	observed_otus
Expo	58308.6052892308	1	5.97293184381781	0.0158372571783398	0.0429791022220815	0.95	0.0012916672011394	0.128141157879443	2015	Nose	observed_otus
Gender	2782.68445746112	1	0.285048570872542	0.594302356741144	0.00213863875902758	0.95	0	0.0439107904944342	2015	Nose	observed_otus
Residuals	1298364.80747632	133	NA	NA	NA	NA	NA	NA	2015	Nose	observed_otus
(Intercept)	360358.459188995	1	68.0462075035988	1.31415406012863e-13	NA	NA	NA	NA	2016	Nose	observed_otus
Age_num	32477.4817814452	1	6.1326976185552	0.0145162357190339	0.0437635021859677	0.95	0.00154794398155683	0.128961116894091	2016	Nose	observed_otus
Expo	9682.59075836232	1	1.82835608021734	0.178599524393845	0.0134607833959026	0.95	0	0.0758466747247147	2016	Nose	observed_otus
Gender	3486.43702600419	1	0.658341191306093	0.418585059971837	0.00488897446293952	0.95	0	0.0541313445906075	2016	Nose	observed_otus
Residuals	709635.926862956	134	NA	NA	NA	NA	NA	NA	2016	Nose	observed_otus
(Intercept)	183745.115927713	1	1036.61708519729	8.37798842807236e-72	NA	NA	NA	NA	2015	Right_Arm	faith_pd
Age_num	1.19965762747961	1	0.00676799264434246	0.934536577889303	4.22981648167132e-05	0.95	0	0.0119163303275573	2015	Right_Arm	faith_pd
Expo	9327.79551537608	1	52.6237236274055	1.64162264829008e-11	0.247496952501977	0.95	0.141231976027911	0.353780911123572	2015	Right_Arm	faith_pd
Gender	979.302439576146	1	5.52483604973423	0.019967992751847	0.033377686283128	0.95	0.000508132623263684	0.104615267844478	2015	Right_Arm	faith_pd
Residuals	28360.73123649	160	NA	NA	NA	NA	NA	NA	2015	Right_Arm	faith_pd
(Intercept)	87612.8046211305	1	374.286075466793	1.05141246663818e-31	NA	NA	NA	NA	2016	Right_Arm	faith_pd
Age_num	101.842381190843	1	0.435075504510451	0.511427277909292	0.0054771208027082	0.95	0	0.0794313806250601	2016	Right_Arm	faith_pd
Expo	1514.17138866559	1	6.46861231184767	0.0129316298637715	0.0756840685355434	0.95	0.00329245490735824	0.206570503274622	2016	Right_Arm	faith_pd
Gender	46.3873165387813	1	0.198168826278493	0.65742040147776	0.00250218949775438	0.95	0	0.0660493220460873	2016	Right_Arm	faith_pd
Residuals	18492.3031305325	79	NA	NA	NA	NA	NA	NA	2016	Right_Arm	faith_pd
(Intercept)	44.1075059294991	1	11537.1190590313	4.84664117757702e-151	NA	NA	NA	NA	2015	Right_Arm	pielou_e
Age_num	0.000291841130894199	1	0.0763363468982011	0.78268164419784	0.000476874650184236	0.95	0	0.0269780623656043	2015	Right_Arm	pielou_e
Expo	0.00562878681934309	1	1.4723113974403	0.226769591660331	0.00911804249718346	0.95	0	0.0592998883385421	2015	Right_Arm	pielou_e
Gender	0.0305333609211255	1	7.98655495920483	0.0053138611028477	0.0475428224666215	0.95	0.00433740127243992	0.12614803643611	2015	Right_Arm	pielou_e
Residuals	0.611695251874468	160	NA	NA	NA	NA	NA	NA	2015	Right_Arm	pielou_e
(Intercept)	24.1704295734258	1	6700.76102435823	3.78038474262703e-78	NA	NA	NA	NA	2016	Right_Arm	pielou_e
Age_num	0.0155125218225917	1	4.30053182557466	0.0413586919194129	0.0516267031113279	0.95	0	0.172193890799535	2016	Right_Arm	pielou_e
Expo	0.0444469108214823	1	12.3220039089898	0.000742709784741354	0.134929188821455	0.95	0.026456196749642	0.279410920654399	2016	Right_Arm	pielou_e
Gender	0.00166377114667804	1	0.4612467817026	0.499026849867455	0.00580467586885146	0.95	0	0.080603847921793	2016	Right_Arm	pielou_e
Residuals	0.284962249714542	79	NA	NA	NA	NA	NA	NA	2016	Right_Arm	pielou_e
(Intercept)	3180.66285947785	1	5338.36284297187	8.25012941718362e-125	NA	NA	NA	NA	2015	Right_Arm	shannon
Age_num	0.0197263125477605	1	0.0331082603175056	0.855846986186764	0.000206883817213936	0.95	0	0.0216641183446592	2015	Right_Arm	shannon
Expo	6.80459967435621	1	11.4207080937981	0.000912447739277545	0.0666238532135156	0.95	0.0117582128550606	0.152656366899614	2015	Right_Arm	shannon
Gender	5.38844501941662	1	9.04386159235147	0.0030619503095532	0.0535000887175703	0.95	0.00639345619911165	0.134675006378645	2015	Right_Arm	shannon
Residuals	95.3299864557628	160	NA	NA	NA	NA	NA	NA	2015	Right_Arm	shannon
(Intercept)	1714.72631073847	1	2973.94254968029	1.85006533817184e-64	NA	NA	NA	NA	2016	Right_Arm	shannon
Age_num	1.55746949803284	1	2.70120355710546	0.104246859029067	0.0330619799892842	0.95	0	0.141941779852143	2016	Right_Arm	shannon
Expo	7.4048919273126	1	12.8427044249033	0.000584218001512459	0.139833691802971	0.95	0.0289740139662673	0.28495841467525	2016	Right_Arm	shannon
Gender	0.0479597667478728	1	0.0831792164796348	0.773789751682756	0.00105179403893137	0.95	0	0.0542249811720171	2016	Right_Arm	shannon
Residuals	45.5500993329216	79	NA	NA	NA	NA	NA	NA	2016	Right_Arm	shannon
(Intercept)	9747352.32968686	1	814.913693407631	1.12178325671886e-64	NA	NA	NA	NA	2015	Right_Arm	observed_otus
Age_num	148.455108226044	1	0.0124113806968135	0.911433736617291	7.75651125417057e-05	0.95	0	0.015628715958802	2015	Right_Arm	observed_otus
Expo	411916.057219485	1	34.4376630913703	2.45790297499702e-08	0.177114158562929	0.95	0.0826780575914918	0.281763692927212	2015	Right_Arm	observed_otus
Gender	72055.9394053745	1	6.02413555258001	0.015183038186691	0.0362846975985137	0.95	0.00117676725024757	0.109208529413021	2015	Right_Arm	observed_otus
Residuals	1913793.30764267	160	NA	NA	NA	NA	NA	NA	2015	Right_Arm	observed_otus
(Intercept)	4984385.25443996	1	252.238928914725	2.62989855856434e-26	NA	NA	NA	NA	2016	Right_Arm	observed_otus
Age_num	6012.7809941459	1	0.304281743954519	0.582767511036436	0.00383688922291658	0.95	0	0.0728667879191229	2016	Right_Arm	observed_otus
Expo	65158.2051226802	1	3.29738473877206	0.0731843055362568	0.0400667013810779	0.95	0	0.153884029411856	2016	Right_Arm	observed_otus
Gender	3621.88417085982	1	0.18328843724451	0.669727240134014	0.00231473636498151	0.95	0	0.0649124607776906	2016	Right_Arm	observed_otus
Residuals	1561085.10607369	79	NA	NA	NA	NA	NA	NA	2016	Right_Arm	observed_otus
(Intercept)	191507.044475475	1	1354.08907281086	5.50328473875778e-80	NA	NA	NA	NA	2015	Right_Hand	faith_pd
Age_num	588.063172089231	1	4.15801892629853	0.0430833597101253	0.0253293683336014	0.95	0	0.0912652901941318	2015	Right_Hand	faith_pd
Expo	16154.7068837208	1	114.225103967442	1.84806752327705e-20	0.416537736023628	0.95	0.305655584683235	0.512051125863583	2015	Right_Hand	faith_pd
Gender	1760.84316312252	1	12.4503957159824	0.000545724706866853	0.0721969680863338	0.95	0.0143365863196474	0.160016763715657	2015	Right_Hand	faith_pd
Residuals	22628.5904903362	160	NA	NA	NA	NA	NA	NA	2015	Right_Hand	faith_pd
(Intercept)	114959.820226387	1	526.572265086701	2.41000249803141e-44	NA	NA	NA	NA	2016	Right_Hand	faith_pd
Age_num	545.273784873883	1	2.49762092031817	0.116813588656686	0.0216248689835895	0.95	0	0.100217796013038	2016	Right_Hand	faith_pd
Expo	7877.50562548949	1	36.0828328739429	2.35314876040021e-08	0.242032111802254	0.95	0.117832747336544	0.367662068619083	2016	Right_Hand	faith_pd
Gender	809.153725918626	1	3.70632025538361	0.056720297768042	0.0317576652855922	0.95	0	0.118463272939837	2016	Right_Hand	faith_pd
Residuals	24669.8516934666	113	NA	NA	NA	NA	NA	NA	2016	Right_Hand	faith_pd
(Intercept)	43.6280024718098	1	12586.2502701373	5.02242831737203e-154	NA	NA	NA	NA	2015	Right_Hand	pielou_e
Age_num	0.0153985612424051	1	4.44233369891683	0.0366169014126094	0.0270145381605351	0.95	0	0.0941494074993958	2015	Right_Hand	pielou_e
Expo	0.0246432215926509	1	7.10932742400867	0.00845588253143066	0.0425429719190365	0.95	0.0028160430142672	0.118774005429705	2015	Right_Hand	pielou_e
Gender	0.00570421297042145	1	1.64560942450386	0.201412761891787	0.0101803533690931	0.95	0	0.0617757903372701	2015	Right_Hand	pielou_e
Residuals	0.554611599616111	160	NA	NA	NA	NA	NA	NA	2015	Right_Hand	pielou_e
(Intercept)	30.8492014441337	1	3275.31966356924	2.73205838101319e-85	NA	NA	NA	NA	2016	Right_Hand	pielou_e
Age_num	0.0628893257289538	1	6.67708191933839	0.0110407360292745	0.055792486015315	0.95	0.00289821761606778	0.155824013227274	2016	Right_Hand	pielou_e
Expo	0.0170677904246144	1	1.81212047555444	0.180948391737488	0.0157833551723336	0.95	0	0.0884333718855617	2016	Right_Hand	pielou_e
Gender	0.00895963863211691	1	0.951262243964096	0.331481533823474	0.00834797460977212	0.95	0	0.070896806267369	2016	Right_Hand	pielou_e
Residuals	1.06431131042285	113	NA	NA	NA	NA	NA	NA	2016	Right_Hand	pielou_e
(Intercept)	3157.2651264402	1	6519.53007326035	1.42667937040897e-131	NA	NA	NA	NA	2015	Right_Hand	shannon
Age_num	2.36630714739138	1	4.88625756538321	0.0284902826323835	0.0296341104318268	0.95	0	0.0985335217873824	2015	Right_Hand	shannon
Expo	17.4434143544713	1	36.0194218445439	1.26345355787109e-08	0.18375435202084	0.95	0.087868663891512	0.288789866513652	2015	Right_Hand	shannon
Gender	2.54745921558022	1	5.26032382497606	0.0231182667933889	0.0318305307845528	0.95	0.000173150135560131	0.102126024226274	2015	Right_Hand	shannon
Residuals	77.4844834756328	160	NA	NA	NA	NA	NA	NA	2015	Right_Hand	shannon
(Intercept)	2184.46859624293	1	1905.74203238585	1.40795945566105e-72	NA	NA	NA	NA	2016	Right_Hand	shannon
Age_num	7.29268066571049	1	6.36217343536788	0.0130499927904223	0.0533014208124558	0.95	0.00224236529395275	0.15221092178476	2016	Right_Hand	shannon
Expo	12.8120234463779	1	11.1772774594559	0.00112371682196829	0.0900106500008049	0.95	0.0153762073748088	0.201738125130534	2016	Right_Hand	shannon
Gender	2.58220139563502	1	2.25272624390698	0.136168314402023	0.0195459692566367	0.95	0	0.0961604179838991	2016	Right_Hand	shannon
Residuals	129.526949178121	113	NA	NA	NA	NA	NA	NA	2016	Right_Hand	shannon
(Intercept)	10188230.5125984	1	1004.68560617351	7.30746598111424e-71	NA	NA	NA	NA	2015	Right_Hand	observed_otus
Age_num	34656.5765612647	1	3.41756731822048	0.0663515612564866	0.0209130962741937	0.95	0	0.0834272670751738	2015	Right_Hand	observed_otus
Expo	876286.829023432	1	86.4127252431726	1.04342474531699e-16	0.350682884408247	0.95	0.238339773881252	0.452208541691402	2015	Right_Hand	observed_otus
Gender	79837.3896628327	1	7.87295459496401	0.00564115283394491	0.0468982905195152	0.95	0.00413062219843866	0.125209330241476	2015	Right_Hand	observed_otus
Residuals	1622514.41844009	160	NA	NA	NA	NA	NA	NA	2015	Right_Hand	observed_otus
(Intercept)	6821279.09048536	1	357.541915182575	8.51171946031327e-37	NA	NA	NA	NA	2016	Right_Hand	observed_otus
Age_num	51988.0207398729	1	2.72498694970755	0.101565643434014	0.023547092305068	0.95	0	0.103858641650375	2016	Right_Hand	observed_otus
Expo	526374.061442684	1	27.5902492090023	7.13180051489003e-07	0.196245823335774	0.95	0.0814923034177976	0.321546135695856	2016	Right_Hand	observed_otus
Gender	70135.6455137795	1	3.67620686485921	0.0577189498062298	0.0315077680672049	0.95	0	0.118042864901398	2016	Right_Hand	observed_otus
Residuals	2155843.84513699	113	NA	NA	NA	NA	NA	NA	2016	Right_Hand	observed_otus
