Factors	Sum Sq	Df	F value	p_value	Eta2_partial	CI	CI_low	CI_high	Year	Body_Site	Indice	q_value
(Intercept)	8552.43733510959	1	241.612583169373	1.04890933174281e-26	NA	NA	NA	NA	2015	Feces	faith_pd	1.27693309951299e-25
Age_num	429.601364031427	1	12.1365513981155	0.000780098534714705	0.123670041643103	0.95	0.0237526049012795	0.26035615357628	2015	Feces	faith_pd	0.00520065689809804
Age_num:Expo	25.1853044137042	1	0.71150319129747	0.401285328167857	0.0082054071848783	0.95	0	0.0836943618915374	2015	Feces	faith_pd	0.693579579549383
Age_num:Gender	23.1912340841941	1	0.65516925227444	0.420504427942358	0.007560648232849	0.95	0	0.0817863993737512	2015	Feces	faith_pd	0.713583271659759
Expo	63.830116805163	1	1.80324728507358	0.182853908587583	0.0205373644008737	0.95	0	0.112948547577391	2015	Feces	faith_pd	0.511990944045231
Expo:Gender	23.890227286844	1	0.674916319302546	0.413614493619969	0.00778675478400482	0.95	0	0.0824634118340778	2015	Feces	faith_pd	0.70617108666824
Gender	81.1489318557628	1	2.29251642296366	0.133665695041114	0.0259650139767385	0.95	0	0.123604799671248	2015	Feces	faith_pd	0.415153397376928
Residuals	3044.16931093288	86	NA	NA	NA	NA	NA	NA	2015	Feces	faith_pd	NA
(Intercept)	7824.89195855724	1	321.161602129989	1.33320057544903e-31	NA	NA	NA	NA	2016	Feces	faith_pd	1.96471663750383e-30
Age_num	1.47653018547999	1	0.0606020891372762	0.806101257936197	0.000665513819883973	0.95	0	0.0439258172654619	2016	Feces	faith_pd	0.91379899685075
Age_num:Expo	5.74805275844801	1	0.235920680158661	0.628335537637726	0.00258583108933286	0.95	0	0.0601983887434195	2016	Feces	faith_pd	0.820349186508367
Age_num:Gender	0.128851783915707	1	0.00528853888064488	0.942186673279238	5.81124346239002e-05	0.95	0	0.0181821044440664	2016	Feces	faith_pd	0.967587610190413
Expo	63.8478906686496	1	2.62054619646719	0.108949000172359	0.0279911440696772	0.95	0	0.12396143051171	2016	Feces	faith_pd	0.372020976198297
Expo:Gender	0.0846615224641027	1	0.00347481221943268	0.953123149835329	3.81832916446626e-05	0.95	0	0.013643900665164	2016	Feces	faith_pd	0.973994459685738
Gender	5.81928212415187	1	0.238844188537986	0.626217888934954	0.00261779059853535	0.95	0	0.0603691074892433	2016	Feces	faith_pd	0.820349186508367
Residuals	2217.15536199282	91	NA	NA	NA	NA	NA	NA	2016	Feces	faith_pd	NA
(Intercept)	11.5435629823342	1	2333.58412178697	4.20424013139886e-64	NA	NA	NA	NA	2015	Feces	pielou_e	2.61495928523795e-62
Age_num	0.00013862234992823	1	0.0280231428729903	0.867447436259045	0.000325744354562818	0.95	0	0.0394794888644536	2015	Feces	pielou_e	0.934174162125125
Age_num:Expo	0.000380574001190792	1	0.0769347772176474	0.78216075395165	0.00089379085601466	0.95	0	0.049120116106979	2015	Feces	pielou_e	0.900874417513156
Age_num:Gender	0.0226353024869373	1	4.57583005837951	0.0352604791648458	0.0505193278982949	0.95	0	0.164764230792794	2015	Feces	pielou_e	0.1542645963462
Expo	0.000902919995766749	1	0.182529412157214	0.670276233652995	0.00211793983539621	0.95	0	0.0598797280987675	2015	Feces	pielou_e	0.853078842831085
Expo:Gender	0.00152508757597297	1	0.308303437774933	0.58016458896939	0.00357211792486696	0.95	0	0.0675450619778527	2015	Feces	pielou_e	0.812230424557146
Gender	0.0107668735386686	1	2.1765727938225	0.143778045413492	0.0246842525725267	0.95	0	0.1211648393276	2015	Feces	pielou_e	0.434984006465751
Residuals	0.425417025772587	86	NA	NA	NA	NA	NA	NA	2015	Feces	pielou_e	NA
(Intercept)	9.26146416985829	1	1880.57418450568	1.42445315421186e-62	NA	NA	NA	NA	2016	Feces	pielou_e	6.64744805298869e-61
Age_num	0.00454944116238093	1	0.92378067301123	0.339031178714357	0.0100494199242879	0.95	0	0.0858039579921052	2016	Feces	pielou_e	0.668512183380422
Age_num:Expo	0.00118855575271104	1	0.24134059414369	0.624422304837921	0.00264507944065851	0.95	0	0.0605138007628218	2016	Feces	pielou_e	0.820349186508367
Age_num:Gender	0.00678847049474268	1	1.378423770859	0.243433284635828	0.0149214904800511	0.95	0	0.0976380003454	2016	Feces	pielou_e	0.597802727388881
Expo	0.00156377534051383	1	0.317530304258779	0.57448159221032	0.00347721081812886	0.95	0	0.06452133596853	2016	Feces	pielou_e	0.812230424557146
Expo:Gender	0.00567721426399942	1	1.15277912746577	0.285806974429389	0.012509434206767	0.95	0	0.0920021984072292	2016	Feces	pielou_e	0.645370587421202
Gender	0.00512639555384681	1	1.04093337309499	0.310309265836931	0.0113094612901793	0.95	0	0.0890437423903897	2016	Feces	pielou_e	0.66338043758909
Residuals	0.448157401287862	91	NA	NA	NA	NA	NA	NA	2016	Feces	pielou_e	NA
(Intercept)	607.981775207735	1	906.613969791608	1.8815570044205e-47	NA	NA	NA	NA	2015	Feces	shannon	5.85373290264154e-46
Age_num	2.15434295513396	1	3.21252626064199	0.0765931254360849	0.0360098115735039	0.95	0	0.141485382866941	2015	Feces	shannon	0.297862154473664
Age_num:Expo	7.93899226891881e-06	1	1.18385148874077e-05	0.997262681381207	1.3765713090409e-07	0.95	0	0	2015	Feces	shannon	0.997262681381207
Age_num:Gender	0.814526461219266	1	1.21461053376804	0.273495701443246	0.0139266864385958	0.95	0	0.0985058789015782	2015	Feces	shannon	0.638156636700908
Expo	0.622645408280903	1	0.928480175546689	0.337959826357021	0.0106809663952675	0.95	0	0.0904888021156698	2015	Feces	shannon	0.668512183380422
Expo:Gender	0.0291745877067342	1	0.0435047395438757	0.835270981332681	0.000505613290341506	0.95	0	0.0425971206259984	2015	Feces	shannon	0.926514717497762
Gender	0.0798459037667314	1	0.119065101516934	0.730893186430949	0.00138256379556119	0.95	0	0.0543646053767199	2015	Feces	shannon	0.885418479672613
Residuals	57.6722115586678	86	NA	NA	NA	NA	NA	NA	2015	Feces	shannon	NA
(Intercept)	505.372795875168	1	1041.05429259688	1.33180044362667e-51	NA	NA	NA	NA	2016	Feces	shannon	4.66130155269334e-50
Age_num	0.173986977019524	1	0.358408467492721	0.550878806278414	0.00392310323160073	0.95	0	0.0664263578922759	2016	Feces	shannon	0.79508281318534
Age_num:Expo	0.116049291063334	1	0.239058401244357	0.626063356921033	0.00262013227046956	0.95	0	0.0603815884065941	2016	Feces	shannon	0.820349186508367
Age_num:Gender	0.481593696753414	1	0.992069991469395	0.321878140286973	0.0107842990331818	0.95	0	0.0877114874056955	2016	Feces	shannon	0.66338043758909
Expo	0.657180616451605	1	1.35377429761257	0.247661129918251	0.0146585703498159	0.95	0	0.0970488293062048	2016	Feces	shannon	0.597802727388881
Expo:Gender	0.20579131828098	1	0.423924550399631	0.516626019223706	0.00463691044203569	0.95	0	0.0692314506553577	2016	Feces	shannon	0.794809260344164
Gender	0.256996424597837	1	0.529405684661577	0.468724754004991	0.00578399565365357	0.95	0	0.0732926966696821	2016	Feces	shannon	0.763396911570628
Residuals	44.1753372054422	91	NA	NA	NA	NA	NA	NA	2016	Feces	shannon	NA
(Intercept)	552484.139238642	1	88.9503261299067	6.51269609011433e-15	NA	NA	NA	NA	2015	Feces	observed_otus	6.07851635077337e-14
Age_num	71582.9014515354	1	11.5248963313474	0.00104090361655295	0.118173889590108	0.95	0.0210891528156456	0.253909471279247	2015	Feces	observed_otus	0.00677797703801924
Age_num:Expo	4457.14680197218	1	0.717603698434944	0.399282338052186	0.00827517906203277	0.95	0	0.0838968399884012	2015	Feces	observed_otus	0.693579579549383
Age_num:Gender	2266.81326373038	1	0.364958493400877	0.547355607411424	0.0042257704949718	0.95	0	0.0703257747422291	2015	Feces	observed_otus	0.79508281318534
Expo	3865.83883376955	1	0.622402709158911	0.432325356685146	0.00718523949570729	0.95	0	0.0806418643640139	2015	Feces	observed_otus	0.724856885460125
Expo:Gender	2268.36437453376	1	0.365208223306273	0.54721886814911	0.00422864983271955	0.95	0	0.0703374064931694	2015	Feces	observed_otus	0.79508281318534
Gender	8470.91566598392	1	1.36382324413252	0.246103475583206	0.0156108466123489	0.95	0	0.102384705573865	2015	Feces	observed_otus	0.597802727388881
Residuals	534159.210446652	86	NA	NA	NA	NA	NA	NA	2015	Feces	observed_otus	NA
(Intercept)	552517.185140662	1	189.329656179788	5.91120992805744e-24	NA	NA	NA	NA	2016	Feces	observed_otus	6.62055511942434e-23
Age_num	22.0800349210622	1	0.00756610931292238	0.930875834837863	8.31371460240395e-05	0.95	0	0.0219181426348043	2016	Feces	observed_otus	0.967587610190413
Age_num:Expo	122.944518032193	1	0.0421290847673794	0.837832346456621	0.00046274274548384	0.95	0	0.0400110917384773	2016	Feces	observed_otus	0.926514717497762
Age_num:Gender	249.069628009282	1	0.0853480548732974	0.770841614552046	0.000937011898136246	0.95	0	0.0477093254667407	2016	Feces	observed_otus	0.895583618566693
Expo	8143.19128316239	1	2.79040661052901	0.098266340844688	0.0297515141619586	0.95	0	0.127145210456196	2016	Feces	observed_otus	0.362033887322535
Expo:Gender	257.504721063364	1	0.0882384867199871	0.767105607354578	0.000968714382733965	0.95	0	0.0480843790118285	2016	Feces	observed_otus	0.895583618566693
Gender	14.792432071059	1	0.00506888501099468	0.943397919935652	5.56989305441815e-05	0.95	0	0.0176725463064409	2016	Feces	observed_otus	0.967587610190413
Residuals	265563.593481916	91	NA	NA	NA	NA	NA	NA	2016	Feces	observed_otus	NA
(Intercept)	3356.47023090702	1	425.64581432915	2.8125527161176e-36	NA	NA	NA	NA	2015	Mouth	faith_pd	5.25009840341952e-35
Age_num	0.41258598867455	1	0.0523214827031906	0.819579550501174	0.000568388519272944	0.95	0	0.0418937847733606	2015	Mouth	faith_pd	0.914317818240918
Age_num:Expo	0.0673193040289561	1	0.00853699809985604	0.926584415541817	9.27848477802918e-05	0.95	0	0.0229471846669447	2015	Mouth	faith_pd	0.967587610190413
Age_num:Gender	8.42394627049464	1	1.0682703028773	0.304045785359205	0.0114783513156607	0.95	0	0.0888873308697749	2015	Mouth	faith_pd	0.659944340314554
Expo	36.2570228865106	1	4.59788080036361	0.0346475987504029	0.0475981539374134	0.95	0	0.155943431248618	2015	Mouth	faith_pd	0.153989327779569
Expo:Gender	15.6587463015175	1	1.98574078194099	0.162158084961915	0.0211281069385638	0.95	0	0.11021980999096	2015	Mouth	faith_pd	0.472961081138919
Gender	6.24080061930056	1	0.79141791195038	0.375992062782938	0.00852899901477263	0.95	0	0.0811114916988899	2015	Mouth	faith_pd	0.691338891358484
Residuals	725.474680704029	92	NA	NA	NA	NA	NA	NA	2015	Mouth	faith_pd	NA
(Intercept)	1410.67462234372	1	139.773134549586	8.29491792207771e-19	NA	NA	NA	NA	2016	Mouth	faith_pd	8.29491792207771e-18
Age_num	4.10413326872754	1	0.406647686499256	0.52561804121649	0.00539272993794766	0.95	0	0.0819390308614757	2016	Mouth	faith_pd	0.79508281318534
Age_num:Expo	1.60535069796208	1	0.159062122158778	0.691154739394465	0.00211633990190363	0.95	0	0.0659941741340587	2016	Mouth	faith_pd	0.8695031436451
Age_num:Gender	0.0528386627858026	1	0.00523538554249307	0.942511241213501	6.98002681490445e-05	0.95	0	0.0217609368598404	2016	Mouth	faith_pd	0.967587610190413
Expo	7.24237033077009	1	0.717591985187074	0.399629996012834	0.00947721614453163	0.95	0	0.0950457679024394	2016	Mouth	faith_pd	0.693579579549383
Expo:Gender	13.9819978560389	1	1.38537096836493	0.242910313327177	0.0181366006448889	0.95	0	0.116314732148791	2016	Mouth	faith_pd	0.597802727388881
Gender	0.0149333500427247	1	0.00147963329866243	0.969418344735041	1.97280547783422e-05	0.95	0	0.0055041035233346	2016	Mouth	faith_pd	0.977066592005137
Residuals	756.945152705617	75	NA	NA	NA	NA	NA	NA	2016	Mouth	faith_pd	NA
(Intercept)	10.3545851846884	1	1156.24790624849	6.91075086309755e-54	NA	NA	NA	NA	2015	Mouth	pielou_e	2.76430034523902e-52
Age_num	5.99940627283857e-05	1	0.00669925527481416	0.934944614750068	7.28126900436556e-05	0.95	0	0.0204121572307206	2015	Mouth	pielou_e	0.967587610190413
Age_num:Expo	0.0039637189811722	1	0.442609886460233	0.507529910629543	0.00478794234610917	0.95	0	0.0692784474673354	2015	Mouth	pielou_e	0.792624812650885
Age_num:Gender	0.00875279707708709	1	0.977383749680782	0.325438583956614	0.0105120590649459	0.95	0	0.0912158963781272	2015	Mouth	pielou_e	0.66338043758909
Expo	0.0288148356455458	1	3.21761739266228	0.0761349271236017	0.0337922485436003	0.95	0	0.133567062506979	2015	Mouth	pielou_e	0.297862154473664
Expo:Gender	0.00169735560657391	1	0.189535730428131	0.664322976496365	0.00205593540445147	0.95	0	0.0566783858686239	2015	Mouth	pielou_e	0.852042789222406
Gender	0.0208515619440511	1	2.32839601102236	0.130463307742929	0.0246839351614787	0.95	0	0.117156751711161	2015	Mouth	pielou_e	0.410446361438427
Residuals	0.823890648228	92	NA	NA	NA	NA	NA	NA	2015	Mouth	pielou_e	NA
(Intercept)	4.73596700007703	1	392.053315415518	1.63476411185819e-31	NA	NA	NA	NA	2016	Mouth	pielou_e	2.28866975660146e-30
Age_num	0.00459087107830336	1	0.380041969647333	0.53944753113856	0.00504167893406536	0.95	0	0.0806004506991957	2016	Mouth	pielou_e	0.79508281318534
Age_num:Expo	0.00128512376729806	1	0.106385250083096	0.745205992302699	0.00141646079396396	0.95	0	0.0593810612261523	2016	Mouth	pielou_e	0.887905012105343
Age_num:Gender	0.0031937050636518	1	0.264381626528152	0.608637539463248	0.00351270575555976	0.95	0	0.0740087484045821	2016	Mouth	pielou_e	0.820349186508367
Expo	0.0123228088787917	1	1.0201080531354	0.315740812644292	0.0134189240091895	0.95	0	0.105402028228897	2016	Mouth	pielou_e	0.66338043758909
Expo:Gender	0.0355746320469977	1	2.94494290996659	0.0902749083047712	0.0377823473854906	0.95	0	0.153619057005213	2016	Mouth	pielou_e	0.340342923117346
Gender	0.000273531245656322	1	0.0226434921796443	0.880791834678158	0.000301822104975608	0.95	0	0.0402817566795406	2016	Mouth	pielou_e	0.941304250801085
Residuals	0.905992912288781	75	NA	NA	NA	NA	NA	NA	2016	Mouth	pielou_e	NA
(Intercept)	423.203785065917	1	646.171132845515	2.21886456204914e-43	NA	NA	NA	NA	2015	Mouth	shannon	5.64801888521599e-42
Age_num	0.311664198083172	1	0.475866273056665	0.492037146766676	0.0051458428261873	0.95	0	0.070569407008324	2015	Mouth	shannon	0.787259434826682
Age_num:Expo	0.0950364522493103	1	0.145106953620442	0.704134100188502	0.00157476569747191	0.95	0	0.0477131045707291	2015	Mouth	shannon	0.8695031436451
Age_num:Gender	0.59351758474093	1	0.906215737262476	0.343614822698407	0.00975409158656555	0.95	0	0.0844538300146257	2015	Mouth	shannon	0.672812240248629
Expo	3.3505416053347	1	5.11579371727012	0.0260641426210727	0.052677257956245	0.95	0	0.163645548019549	2015	Mouth	shannon	0.121632665565006
Expo:Gender	0.996612546467567	1	1.52168359755737	0.220507173446421	0.0162709174923057	0.95	0	0.100054287816233	2015	Mouth	shannon	0.577028117429886
Gender	1.03802562205829	1	1.58491539016741	0.211239149628974	0.0169355860777316	0.95	0	0.101502622664156	2015	Mouth	shannon	0.563304399010598
Residuals	60.2545459661888	92	NA	NA	NA	NA	NA	NA	2015	Mouth	shannon	NA
(Intercept)	178.879493657164	1	175.584065979901	2.46525210271217e-21	NA	NA	NA	NA	2016	Mouth	shannon	2.65488687984388e-20
Age_num	0.45679091990219	1	0.448375637583395	0.505163645401306	0.00594281366290998	0.95	0	0.0839433124938576	2016	Mouth	shannon	0.792624812650885
Age_num:Expo	0.241451311576384	1	0.237003147515694	0.627798759157617	0.00315008755799332	0.95	0	0.0721844535399691	2016	Mouth	shannon	0.820349186508367
Age_num:Gender	0.158853571553379	1	0.155927073688105	0.694055158183856	0.00207471426086226	0.95	0	0.0657007909226648	2016	Mouth	shannon	0.8695031436451
Expo	0.154721664895121	1	0.151871287546978	0.697857929127372	0.00202085836247359	0.95	0	0.065314316982618	2016	Mouth	shannon	0.8695031436451
Expo:Gender	2.7446072170079	1	2.69404438053499	0.104911077944525	0.0346750436537957	0.95	0	0.148276394304437	2016	Mouth	shannon	0.371836731955277
Gender	0.0200845345362524	1	0.0197145249301062	0.888713715993373	0.000262791255004774	0.95	0	0.0385402489110385	2016	Mouth	shannon	0.946159089270511
Residuals	76.4076281604221	75	NA	NA	NA	NA	NA	NA	2016	Mouth	shannon	NA
(Intercept)	181272.248015725	1	237.963714974006	2.9707812089371e-27	NA	NA	NA	NA	2015	Mouth	observed_otus	3.78099426591995e-26
Age_num	1339.15106857812	1	1.75796001141121	0.188161806312439	0.0187499814543453	0.95	0	0.1053572606889	2015	Mouth	observed_otus	0.521636690767159
Age_num:Expo	313.430593551049	1	0.411453541534086	0.522827538758565	0.00445240850312087	0.95	0	0.0680210178059114	2015	Mouth	observed_otus	0.79508281318534
Age_num:Gender	535.196291332642	1	0.702574713558899	0.404092335345707	0.00757880474981175	0.95	0	0.0783791543064821	2015	Mouth	observed_otus	0.694146342925142
Expo	4938.7059639653	1	6.48324733219787	0.012551566202628	0.0658309662589513	0.95	0.00295487252111706	0.182613643473867	2015	Mouth	observed_otus	0.0638988824861061
Expo:Gender	3617.14171581283	1	4.74837428069851	0.0318805765743023	0.0490796286346056	0.95	0	0.158215897862603	2015	Mouth	observed_otus	0.143976797432333
Gender	352.99734920419	1	0.463394488191697	0.497751519790359	0.00501165343060033	0.95	0	0.0700910206394719	2015	Mouth	observed_otus	0.791877417848299
Residuals	70082.3098986686	92	NA	NA	NA	NA	NA	NA	2015	Mouth	observed_otus	NA
(Intercept)	69294.850114449	1	55.4401778123925	1.34368255848786e-10	NA	NA	NA	NA	2016	Mouth	observed_otus	1.07494604679029e-09
Age_num	305.699586390459	1	0.244578628839952	0.62236413910532	0.00325044851465497	0.95	0	0.0727030246155657	2016	Mouth	observed_otus	0.820349186508367
Age_num:Expo	660.947389305322	1	0.528798903918591	0.469376120062167	0.00700128840379528	0.95	0	0.0875424573539677	2016	Mouth	observed_otus	0.763396911570628
Age_num:Gender	12.3185965461598	1	0.00985564124592602	0.921184339012289	0.000131391284007573	0.95	0	0.0298059890880445	2016	Mouth	observed_otus	0.967587610190413
Expo	1045.75874610461	1	0.836671855659515	0.363281819348556	0.0110325497570879	0.95	0	0.0965670745596166	2016	Mouth	observed_otus	0.683423898117453
Expo:Gender	1627.71927806144	1	1.30227637487261	0.257428539852648	0.017067333200841	0.95	0	0.113945641447319	2016	Mouth	observed_otus	0.610847382701198
Gender	33.1438464199746	1	0.0265171327432726	0.87108173320917	0.000353436808166854	0.95	0	0.0422686196790601	2016	Mouth	observed_otus	0.934493813404473
Residuals	93742.7325029605	75	NA	NA	NA	NA	NA	NA	2016	Mouth	observed_otus	NA
(Intercept)	1134.31172537859	1	5.83885968526634	0.0181770349183717	NA	NA	NA	NA	2015	Nose	faith_pd	0.0877512030542081
Age_num	3518.7749489499	1	18.1128632731812	6.10017275175593e-05	0.198795895798751	0.95	0.0603508235892502	0.35368846611841	2015	Nose	faith_pd	0.000437961120638887
Age_num:Expo	195.473739046221	1	1.00619936205307	0.31912855350741	0.0135961496567408	0.95	0	0.107529441899804	2015	Nose	faith_pd	0.66338043758909
Age_num:Gender	22.1134573299441	1	0.113828828193214	0.736794663441853	0.00155687138832101	0.95	0	0.0627810230452981	2015	Nose	faith_pd	0.885418479672613
Expo	76.8392774040749	1	0.395529508372053	0.531370180089375	0.00538901362278387	0.95	0	0.083429960360598	2015	Nose	faith_pd	0.79508281318534
Expo:Gender	373.174089999497	1	1.92091036435048	0.169975656650587	0.0256391754319166	0.95	0	0.133526817640651	2015	Nose	faith_pd	0.48564473328739
Gender	108.385929816268	1	0.557915625744846	0.457500352930761	0.00758471227737696	0.95	0	0.0909880777921291	2015	Nose	faith_pd	0.75352999306243
Residuals	14181.665670368	73	NA	NA	NA	NA	NA	NA	2015	Nose	faith_pd	NA
(Intercept)	1352.23874968613	1	11.5289570318801	0.00113245455816219	NA	NA	NA	NA	2016	Nose	faith_pd	0.00720652900648667
Age_num	688.327998786439	1	5.86856716218997	0.0180049576480205	0.0773517595191207	0.95	0.00176069276715513	0.217784739863111	2016	Nose	faith_pd	0.0877512030542081
Age_num:Expo	166.788668865787	1	1.42201175436251	0.237099261923097	0.0199099930040216	0.95	0	0.124703958876329	2016	Nose	faith_pd	0.597802727388881
Age_num:Gender	111.67839320556	1	0.952150940028279	0.332532554086177	0.0134196205106323	0.95	0	0.109781040031579	2016	Nose	faith_pd	0.665065108172354
Expo	298.935816791118	1	2.54867580734151	0.114891773732558	0.0351305627425883	0.95	0	0.153918418383028	2016	Nose	faith_pd	0.382972579108526
Expo:Gender	131.343634279367	1	1.11981343262738	0.293596748785672	0.0157454495249512	0.95	0	0.115394445720915	2016	Nose	faith_pd	0.652580424249094
Gender	125.863700495038	1	1.0730924514754	0.303813376048494	0.0150984347868083	0.95	0	0.113867653428368	2016	Nose	faith_pd	0.659944340314554
Residuals	8210.34480536988	70	NA	NA	NA	NA	NA	NA	2016	Nose	faith_pd	NA
(Intercept)	4.446916002475	1	264.052475034444	5.89566888706918e-26	NA	NA	NA	NA	2015	Nose	pielou_e	6.87828036824738e-25
Age_num	0.0197279452027337	1	1.1714214424618	0.282671616229374	0.0157934339086453	0.95	0	0.112771328387833	2015	Nose	pielou_e	0.645370587421202
Age_num:Expo	0.0363680147170506	1	2.15948857427969	0.145988547337434	0.028732081806883	0.95	0	0.139415972009129	2015	Nose	pielou_e	0.434984006465751
Age_num:Gender	0.0168449719491865	1	1.00023398971173	0.320557571414041	0.0135166327967394	0.95	0	0.10733373277773	2015	Nose	pielou_e	0.66338043758909
Expo	0.0436142651076221	1	2.58976212774569	0.111872872942519	0.0342607524464626	0.95	0	0.149422890800261	2015	Nose	pielou_e	0.37740246293862
Expo:Gender	0.0234358946962243	1	1.39159498307151	0.241966081932432	0.0187063469117469	0.95	0	0.119310010568405	2015	Nose	pielou_e	0.597802727388881
Gender	0.0195062743811161	1	1.15825889811455	0.28537091385067	0.0156187444975734	0.95	0	0.112365467600586	2015	Nose	pielou_e	0.645370587421202
Residuals	1.22939528644195	73	NA	NA	NA	NA	NA	NA	2015	Nose	pielou_e	NA
(Intercept)	2.59907493239415	1	157.573573671692	1.36202771727079e-19	NA	NA	NA	NA	2016	Nose	pielou_e	1.41247318828082e-18
Age_num	0.00101873483328929	1	0.0617626241954324	0.804459093159836	0.000881545394835714	0.95	0	0.0566039012720449	2016	Nose	pielou_e	0.91379899685075
Age_num:Expo	2.34523326951841e-05	1	0.00142183968136444	0.970028394882577	2.03115828792845e-05	0.95	0	0.00515751880596859	2016	Nose	pielou_e	0.977066592005137
Age_num:Gender	0.000490233219484049	1	0.0297212671184986	0.86362167552082	0.000424409330505987	0.95	0	0.0466760357609625	2016	Nose	pielou_e	0.933645054617103
Expo	0.0377302280559249	1	2.28746266455022	0.134924854147501	0.0316439750439877	0.95	0	0.147704202875534	2016	Nose	pielou_e	0.415153397376928
Expo:Gender	0.0119323612730882	1	0.723420777411069	0.397924132747277	0.0102288714185348	0.95	0	0.101384568881838	2016	Nose	pielou_e	0.693579579549383
Gender	0.00238479475207853	1	0.144582453885759	0.704918620026563	0.00206120628033976	0.95	0	0.0688910475699515	2016	Nose	pielou_e	0.8695031436451
Residuals	1.15460505862904	70	NA	NA	NA	NA	NA	NA	2016	Nose	pielou_e	NA
(Intercept)	87.5112676940748	1	57.3028125434059	9.02726859739017e-11	NA	NA	NA	NA	2015	Nose	shannon	7.43422119785073e-10
Age_num	21.8786660284562	1	14.32625913398	0.000312649384692028	0.164054423904727	0.95	0.0389305220288383	0.317442557289688	2015	Nose	shannon	0.0021885456928442
Age_num:Expo	3.76953979252356	1	2.4683133703537	0.120487106114288	0.0327066189784934	0.95	0	0.14672850119776	2015	Nose	shannon	0.392283601302333
Age_num:Gender	0.50592963003065	1	0.331285233475871	0.566673347726901	0.00451765208288807	0.95	0	0.0799638761766894	2015	Nose	shannon	0.809533353895573
Expo	1.55246262854314	1	1.01656023650625	0.316666677070513	0.013734226952158	0.95	0	0.10786812158497	2015	Nose	shannon	0.66338043758909
Expo:Gender	4.18270901552718	1	2.73885862879114	0.102228168635837	0.0361618682718041	0.95	0	0.152733229220286	2015	Nose	shannon	0.366972913051723
Gender	0.858277911448198	1	0.562004637411875	0.455862878431238	0.00763987659365733	0.95	0	0.0911625140442075	2015	Nose	shannon	0.75352999306243
Residuals	111.483577474115	73	NA	NA	NA	NA	NA	NA	2015	Nose	shannon	NA
(Intercept)	65.1156705720084	1	49.2620494633103	1.15475987805775e-09	NA	NA	NA	NA	2016	Nose	shannon	8.98146571822696e-09
Age_num	3.53711933420939	1	2.67594184424107	0.106364010873359	0.0368201880338358	0.95	0	0.156852947307057	2016	Nose	shannon	0.372020976198297
Age_num:Expo	1.92338189892018	1	1.45509880201053	0.231772739748103	0.0203638204467725	0.95	0	0.125672140720749	2016	Nose	shannon	0.589966973904262
Age_num:Gender	0.502787715144308	1	0.380374694377039	0.539403555710265	0.00540455625632565	0.95	0	0.0858820669161472	2016	Nose	shannon	0.79508281318534
Expo	0.0759039250245479	1	0.0574237027150582	0.811315519828111	0.000819666206378536	0.95	0	0.0556004008905327	2016	Nose	shannon	0.914317818240918
Expo:Gender	1.02339319748718	1	0.774229089129594	0.381922757441274	0.0109394210165761	0.95	0	0.103341196179852	2016	Nose	shannon	0.691338891358484
Gender	0.495234938128135	1	0.374660781402057	0.542457797651588	0.00532380230671135	0.95	0	0.0855702371911105	2016	Nose	shannon	0.79508281318534
Residuals	92.5275539629223	70	NA	NA	NA	NA	NA	NA	2016	Nose	shannon	NA
(Intercept)	19381.2750108965	1	1.66793215751981	0.200610086020093	NA	NA	NA	NA	2015	Nose	observed_otus	0.545347806656565
Age_num	158274.152488871	1	13.6209072154418	0.000428199086167396	0.157247339623957	0.95	0.0351180302336323	0.310092177772836	2015	Nose	observed_otus	0.0029242864421188
Age_num:Expo	11140.5418441331	1	0.958743322282854	0.330737590179189	0.0129632181296677	0.95	0	0.105959107646637	2015	Nose	observed_otus	0.665065108172354
Age_num:Gender	3126.81211592222	1	0.269090164384804	0.6055117370993	0.00367262871397856	0.95	0	0.0761896820610617	2015	Nose	observed_otus	0.820349186508367
Expo	1810.84672400239	1	0.155839565849248	0.694167234532037	0.0021302409592193	0.95	0	0.0673696918129115	2015	Nose	observed_otus	0.8695031436451
Expo:Gender	11317.4801921301	1	0.973970450547468	0.32695178709748	0.0131663941331712	0.95	0	0.106466427455577	2015	Nose	observed_otus	0.66338043758909
Gender	5104.72211137228	1	0.439307019789634	0.509544522418426	0.0059819058433007	0.95	0	0.0856096108710307	2015	Nose	observed_otus	0.792624812650885
Residuals	848255.769526789	73	NA	NA	NA	NA	NA	NA	2015	Nose	observed_otus	NA
(Intercept)	27697.5120021085	1	5.24552538131262	0.0250200111301691	NA	NA	NA	NA	2016	Nose	observed_otus	0.118739035871989
Age_num	22400.9276176757	1	4.24242561478157	0.0431461651746443	0.0571428745713948	0.95	0	0.189224071976976	2016	Nose	observed_otus	0.182962748841175
Age_num:Expo	8628.72544342576	1	1.63416115925583	0.20535092894501	0.0228125957337979	0.95	0	0.130766299336738	2016	Nose	observed_otus	0.552867885621181
Age_num:Gender	4369.34462232649	1	0.827493390538856	0.366119945420064	0.0116832228690645	0.95	0	0.105330664496623	2016	Nose	observed_otus	0.683423898117453
Expo	7717.42659378017	1	1.46157377142789	0.230747628227363	0.0204525830357834	0.95	0	0.125860600860461	2016	Nose	observed_otus	0.589966973904262
Expo:Gender	4705.66107330052	1	0.891187071025499	0.348402854572442	0.01257119689832	0.95	0	0.10763815212148	2016	Nose	observed_otus	0.67744999500197
Gender	5674.34259093332	1	1.07464194187327	0.303467157725226	0.0151199065167593	0.95	0	0.113918752881184	2016	Nose	observed_otus	0.659944340314554
Residuals	369615.186126967	70	NA	NA	NA	NA	NA	NA	2016	Nose	observed_otus	NA
(Intercept)	69333.6183323196	1	404.352069484171	3.03428091657629e-35	NA	NA	NA	NA	2015	Right_Arm	faith_pd	5.3099916040085e-34
Age_num	23.3623927234003	1	0.136248937716342	0.712896395348086	0.0014950026943665	0.95	0	0.053139819601835	2015	Right_Arm	faith_pd	0.875486801304668
Age_num:Expo	2.42330689642404	1	0.0141326701553027	0.905631747059293	0.000155279952032516	0.95	0	0.0272667471601197	2015	Right_Arm	faith_pd	0.960518519608341
Age_num:Gender	145.817233798854	1	0.850402758015867	0.358876938152495	0.00925856319058603	0.95	0	0.0836880460132375	2015	Right_Arm	faith_pd	0.683423898117453
Expo	1920.58873145433	1	11.2008293649018	0.00118988349893199	0.109596266825878	0.95	0.0187546458707869	0.239770366586981	2015	Right_Arm	faith_pd	0.00740371954891018
Expo:Gender	0.236912306934755	1	0.00138166713204239	0.970430254648429	1.51829247724644e-05	0.95	0	0.0036777217039792	2015	Right_Arm	faith_pd	0.977066592005137
Gender	14.7583074486192	1	0.0860701100342126	0.769901960933101	0.000944931644654751	0.95	0	0.0478040835987519	2015	Right_Arm	faith_pd	0.895583618566693
Residuals	15603.6279875849	91	NA	NA	NA	NA	NA	NA	2015	Right_Arm	faith_pd	NA
(Intercept)	26004.6195934899	1	119.035120300894	5.74382060704918e-14	NA	NA	NA	NA	2016	Right_Arm	faith_pd	5.18796699991538e-13
Age_num	138.654846122576	1	0.634687088160085	0.430018125501135	0.0145454712870464	0.95	0	0.150098361718226	2016	Right_Arm	faith_pd	0.724856885460125
Age_num:Expo	53.8544517732516	1	0.246516628421381	0.62206736573719	0.00570026553906013	0.95	0	0.120473081793674	2016	Right_Arm	faith_pd	0.820349186508367
Age_num:Gender	183.90035486361	1	0.841796619476301	0.364001104231327	0.0192007783527362	0.95	0	0.161732560620539	2016	Right_Arm	faith_pd	0.683423898117453
Expo	861.497420194099	1	3.94347045466441	0.0534530288532657	0.0840046638322749	0.95	0	0.26910353168886	2016	Right_Arm	faith_pd	0.220100707042859
Expo:Gender	371.071258153528	1	1.69856404535013	0.199411400331021	0.0380004163808664	0.95	0	0.199630677463128	2016	Right_Arm	faith_pd	0.545347806656565
Gender	442.322766685733	1	2.02471501476767	0.16197287924159	0.0449689690229819	0.95	0	0.211641936369222	2016	Right_Arm	faith_pd	0.472961081138919
Residuals	9393.8548530342	43	NA	NA	NA	NA	NA	NA	2016	Right_Arm	faith_pd	NA
(Intercept)	15.7336447972726	1	4025.21063392557	4.00606732443742e-77	NA	NA	NA	NA	2015	Right_Arm	pielou_e	5.60849425421239e-75
Age_num	0.00175375084232859	1	0.448670135289992	0.504663304733931	0.00490625106550183	0.95	0	0.0702278499743354	2015	Right_Arm	pielou_e	0.792624812650885
Age_num:Expo	0.000139890786028163	1	0.0357889024929798	0.850373395054541	0.000393130030776277	0.95	0	0.0382767418613845	2015	Right_Arm	pielou_e	0.926826637274978
Age_num:Gender	0.00109808455510974	1	0.280928016688373	0.59738450374925	0.00307762007674826	0.95	0	0.0626847183338377	2015	Right_Arm	pielou_e	0.820349186508367
Expo	0.00167602155132751	1	0.428784293659749	0.514237840596745	0.00468981729301506	0.95	0	0.0694295738809616	2015	Right_Arm	pielou_e	0.794809260344164
Expo:Gender	0.000844619440759586	1	0.21608287198368	0.643151288849936	0.00236891198547672	0.95	0	0.0589992441103212	2015	Right_Arm	pielou_e	0.829872630774111
Gender	0.000461959913959642	1	0.118185327181152	0.731804106304014	0.00129705532168776	0.95	0	0.0514465490751769	2015	Right_Arm	pielou_e	0.885418479672613
Residuals	0.355698572513083	91	NA	NA	NA	NA	NA	NA	2015	Right_Arm	pielou_e	NA
(Intercept)	7.55708603370389	1	2580.37310656833	5.01406137535474e-40	NA	NA	NA	NA	2016	Right_Arm	pielou_e	1.16994765424944e-38
Age_num	0.00380620585091263	1	1.29963205023144	0.260590853783105	0.0293373102683514	0.95	0	0.183427207099237	2016	Right_Arm	pielou_e	0.613154950077895
Age_num:Expo	0.00100695700112799	1	0.343826278223257	0.560694636568449	0.00793253175241711	0.95	0	0.129653100287412	2016	Right_Arm	pielou_e	0.80509999097008
Age_num:Gender	0.000806536792521073	1	0.275392636738216	0.60243232953	0.0063637235842067	0.95	0	0.123417326691768	2016	Right_Arm	pielou_e	0.820349186508367
Expo	0.00257582803867959	1	0.879518556294089	0.353571569429245	0.020043942714771	0.95	0	0.163697518320519	2016	Right_Arm	pielou_e	0.678082461919099
Expo:Gender	0.00874506327152463	1	2.98600889025751	0.0911632829778606	0.0649329864086143	0.95	0	0.242658603523821	2016	Right_Arm	pielou_e	0.340342923117346
Gender	9.30940755805576e-05	1	0.0317870470095965	0.859333169838463	0.000738687588662565	0.95	0	0.0688670999857314	2016	Right_Arm	pielou_e	0.932609641685154
Residuals	0.125933222068582	43	NA	NA	NA	NA	NA	NA	2016	Right_Arm	pielou_e	NA
(Intercept)	1144.23104362259	1	2034.30060941385	4.66957015221062e-64	NA	NA	NA	NA	2015	Right_Arm	shannon	2.61495928523795e-62
Age_num	0.0839161859430888	1	0.149192550888366	0.700209810159631	0.00163679509069784	0.95	0	0.0543676307028265	2015	Right_Arm	shannon	0.8695031436451
Age_num:Expo	0.0420904018777861	1	0.074831504238314	0.785047706690036	0.00082164856088514	0.95	0	0.0462419034563704	2015	Right_Arm	shannon	0.900874417513156
Age_num:Gender	0.21781594866443	1	0.387249690154587	0.535304812682823	0.00423745863309755	0.95	0	0.0676941398882423	2015	Right_Arm	shannon	0.79508281318534
Expo	1.47742980178735	1	2.626686596989	0.108541020107566	0.0280548921729489	0.95	0	0.124077824858163	2015	Right_Arm	shannon	0.372020976198297
Expo:Gender	0.140997074842012	1	0.250675278279972	0.617808808491631	0.00274710600787893	0.95	0	0.0610459235512575	2015	Right_Arm	shannon	0.820349186508367
Gender	0.156589001909367	1	0.278395787098398	0.599038763675141	0.00304996362718447	0.95	0	0.0625520892831169	2015	Right_Arm	shannon	0.820349186508367
Residuals	51.1846796327989	91	NA	NA	NA	NA	NA	NA	2015	Right_Arm	shannon	NA
(Intercept)	537.593702946678	1	1243.50691538302	2.2747885785704e-33	NA	NA	NA	NA	2016	Right_Arm	shannon	3.7467105999983e-32
Age_num	0.337242610408211	1	0.780075205319186	0.382029530073666	0.0178180416927289	0.95	0	0.158425800196879	2016	Right_Arm	shannon	0.691338891358484
Age_num:Expo	0.0294565306833157	1	0.0681358420069296	0.795316717171206	0.00158204762464951	0.95	0	0.0909720626531658	2016	Right_Arm	shannon	0.908933391052807
Age_num:Gender	0.00323212575171183	1	0.00747622358969456	0.931498033209936	0.000173835440862113	0.95	0	0.0448926867576565	2016	Right_Arm	shannon	0.967587610190413
Expo	1.21163872892127	1	2.80263911221618	0.101369140060266	0.061189467824108	0.95	0	0.23714869596757	2016	Right_Arm	shannon	0.366972913051723
Expo:Gender	2.80314674041104	1	6.48395309957758	0.0145489042018329	0.131031429249999	0.95	0.00501616998618615	0.326401838752098	2016	Right_Arm	shannon	0.0727445210091643
Gender	0.336277423629618	1	0.777842633718666	0.382705457716304	0.01776795261993	0.95	0	0.15830394220695	2016	Right_Arm	shannon	0.691338891358484
Residuals	18.5897874316098	43	NA	NA	NA	NA	NA	NA	2016	Right_Arm	shannon	NA
(Intercept)	3610499.11542446	1	313.767284156416	3.04591968502609e-31	NA	NA	NA	NA	2015	Right_Arm	observed_otus	4.06122624670146e-30
Age_num	22.1603360638255	1	0.00192582472407629	0.96509284621688	2.11624611965417e-05	0.95	0	0.00728784036602952	2015	Right_Arm	observed_otus	0.977066592005137
Age_num:Expo	1112.98249212606	1	0.0967227750800813	0.75650974058821	0.00106175910761238	0.95	0	0.0491260904014838	2015	Right_Arm	observed_otus	0.895583618566693
Age_num:Gender	8653.17568289116	1	0.751996703655169	0.388125714339748	0.00819597099433162	0.95	0	0.0807248179893687	2015	Right_Arm	observed_otus	0.693579579549383
Expo	83576.6075758883	1	7.263152361972	0.00838281053030815	0.0739153201112124	0.95	0.00506967800432178	0.194427434015083	2015	Right_Arm	observed_otus	0.046023273499731
Expo:Gender	425.619655857678	1	0.0369881058636824	0.847917804673791	0.000406297556995957	0.95	0	0.0386264090241514	2015	Right_Arm	observed_otus	0.926826637274978
Gender	1504.77884330181	1	0.130771496079798	0.71847176979704	0.00143498725987877	0.95	0	0.0526468745419235	2015	Right_Arm	observed_otus	0.878480766564066
Residuals	1047130.90272292	91	NA	NA	NA	NA	NA	NA	2015	Right_Arm	observed_otus	NA
(Intercept)	1617088.1475867	1	86.5806033219239	7.33717999818089e-12	NA	NA	NA	NA	2016	Right_Arm	observed_otus	6.22548605906257e-11
Age_num	765.881804873352	1	0.0410061188304293	0.840481208015827	0.000952722125435844	0.95	0	0.0803824376755991	2016	Right_Arm	observed_otus	0.926514717497762
Age_num:Expo	1999.56985147612	1	0.107059076763068	0.745105091266212	0.00248356253142722	0.95	0	0.100686982378352	2016	Right_Arm	observed_otus	0.887905012105343
Age_num:Gender	7738.45635812462	1	0.414325107302716	0.523200831258481	0.00954351141653523	0.95	0	0.135308258774446	2016	Right_Arm	observed_otus	0.79508281318534
Expo	47118.453740797	1	2.52277166124962	0.119540051905429	0.0554177957357787	0.95	0	0.228401814645697	2016	Right_Arm	observed_otus	0.392283601302333
Expo:Gender	61723.8239528699	1	3.30475857185094	0.0760507368974737	0.0713697398232399	0.95	0	0.2518666123477	2016	Right_Arm	observed_otus	0.297862154473664
Gender	18572.1772074427	1	0.994373936895029	0.324254353177054	0.0226022977010957	0.95	0	0.169452227285725	2016	Right_Arm	observed_otus	0.66338043758909
Residuals	803122.0351709	43	NA	NA	NA	NA	NA	NA	2016	Right_Arm	observed_otus	NA
(Intercept)	66657.0795211287	1	476.392878752893	6.20818650779314e-38	NA	NA	NA	NA	2015	Right_Hand	faith_pd	1.33714786321698e-36
Age_num	43.8728371798752	1	0.313555699609562	0.576882259025745	0.00343383517602855	0.95	0	0.0643292270301744	2015	Right_Hand	faith_pd	0.812230424557146
Age_num:Expo	50.4725440793281	1	0.360723283178223	0.549597763378389	0.00394834093049087	0.95	0	0.0665302473055572	2015	Right_Hand	faith_pd	0.79508281318534
Age_num:Gender	916.705010517431	1	6.55161825367961	0.0121280567647818	0.0671605286612709	0.95	0.00315517425521819	0.185180519641449	2015	Right_Hand	faith_pd	0.0628862202618316
Expo	4742.1630250634	1	33.8918643189189	8.64505240531883e-08	0.271369672506241	0.95	0.129165133761871	0.409397559917528	2015	Right_Hand	faith_pd	6.54220182024127e-07
Expo:Gender	101.111949694359	1	0.722639112563356	0.397510673795864	0.00787852507903227	0.95	0	0.0798086728326561	2015	Right_Hand	faith_pd	0.693579579549383
Gender	166.763657068008	1	1.19184667604296	0.277839385179094	0.0129278967610991	0.95	0	0.0930084895359095	2015	Right_Hand	faith_pd	0.64293411446402
Residuals	12732.7558974051	91	NA	NA	NA	NA	NA	NA	2015	Right_Hand	faith_pd	NA
(Intercept)	26916.3085645798	1	121.458552021246	1.61899266104095e-16	NA	NA	NA	NA	2016	Right_Hand	faith_pd	1.5631653279016e-15
Age_num	403.193852397559	1	1.81939292970205	0.182066152790433	0.0272285163023879	0.95	0	0.144786145961216	2016	Right_Hand	faith_pd	0.511990944045231
Age_num:Expo	0.245003544006977	1	0.00110556674678341	0.973577068462262	1.70084298896755e-05	0.95	0	0.00170100040107826	2016	Right_Hand	faith_pd	0.977066592005137
Age_num:Gender	1804.97272739828	1	8.14485290141628	0.00578743606807464	0.111352372427269	0.95	0.0102400770477871	0.266831817285527	2016	Right_Hand	faith_pd	0.0352278717187152
Expo	1741.13671278682	1	7.85679594580097	0.00666624367299976	0.107838889204594	0.95	0.00903864739548186	0.262578339613868	2016	Right_Hand	faith_pd	0.038886421425832
Expo:Gender	41.5569594718418	1	0.187523787362789	0.666419181570382	0.00287668216965073	0.95	0	0.0781752836470813	2016	Right_Hand	faith_pd	0.852042789222406
Gender	720.694362339538	1	3.25209875973948	0.0759668559256732	0.0476483334408147	0.95	0	0.180272828933144	2016	Right_Hand	faith_pd	0.297862154473664
Residuals	14404.5851657416	65	NA	NA	NA	NA	NA	NA	2016	Right_Hand	faith_pd	NA
(Intercept)	15.5764323316522	1	5004.09151917078	2.43233058858626e-81	NA	NA	NA	NA	2015	Right_Hand	pielou_e	6.81052564804152e-79
Age_num	0.0015086150389389	1	0.484658332621336	0.488094153542418	0.00529770063587282	0.95	0	0.0716264199931827	2015	Right_Hand	pielou_e	0.785438867769408
Age_num:Expo	0.0130128255792944	1	4.18050608350625	0.0437803720441384	0.0439218728238165	0.95	0	0.150896414483913	2015	Right_Hand	pielou_e	0.182962748841175
Age_num:Gender	0.0139593415978009	1	4.48458423697037	0.036928783923	0.0469665786661508	0.95	0	0.155659617628629	2015	Right_Hand	pielou_e	0.159077838437538
Expo	0.000270760626697286	1	0.086984678322519	0.768717907575632	0.000954962760373604	0.95	0	0.0479230154317047	2015	Right_Hand	pielou_e	0.895583618566693
Expo:Gender	0.000962195284283762	1	0.309115281301374	0.579588073805105	0.00338537155188793	0.95	0	0.064111940480987	2015	Right_Hand	pielou_e	0.812230424557146
Gender	0.00731032299449252	1	2.34851758863956	0.128871503136232	0.0251585954368211	0.95	0	0.118695666728391	2015	Right_Hand	pielou_e	0.410045691797102
Residuals	0.283259276284227	91	NA	NA	NA	NA	NA	NA	2015	Right_Hand	pielou_e	NA
(Intercept)	8.99516308938434	1	1438.84313295319	4.61016974948111e-46	NA	NA	NA	NA	2016	Right_Hand	pielou_e	1.29084752985471e-44
Age_num	0.000342285021698585	1	0.0547510309807457	0.815728646150618	0.000841614641714205	0.95	0	0.0589169917068113	2016	Right_Hand	pielou_e	0.914317818240918
Age_num:Expo	5.59057595304613e-05	1	0.00894254138514369	0.924951256202612	0.000137558634790141	0.95	0	0.0328127002499853	2016	Right_Hand	pielou_e	0.967587610190413
Age_num:Gender	0.000327722520520601	1	0.0524216507782574	0.819620615637394	0.000805837038007182	0.95	0	0.0582813564206177	2016	Right_Hand	pielou_e	0.914317818240918
Expo	0.00957590212584003	1	1.53173665432005	0.220304098464151	0.0230226465044572	0.95	0	0.136412402867423	2016	Right_Hand	pielou_e	0.577028117429886
Expo:Gender	0.00945999255617519	1	1.51319605792412	0.223085608928331	0.0227503134356426	0.95	0	0.135851697280488	2016	Right_Hand	pielou_e	0.5783700972216
Gender	0.000492477841191774	1	0.078775487769271	0.77985516594378	0.00121046358323192	0.95	0	0.0643078702366896	2016	Right_Hand	pielou_e	0.900874417513156
Residuals	0.406358127178138	65	NA	NA	NA	NA	NA	NA	2016	Right_Hand	pielou_e	NA
(Intercept)	1113.2473232079	1	2675.34054316664	2.8708302153385e-69	NA	NA	NA	NA	2015	Right_Hand	shannon	2.67944153431593e-67
Age_num	0.339286091457808	1	0.815367634205489	0.368922093017594	0.00888051374421253	0.95	0	0.0826508552267473	2015	Right_Hand	shannon	0.684093947317393
Age_num:Expo	0.540958973988921	1	1.30002511134007	0.257200713506396	0.014084775272508	0.95	0	0.095729646932528	2015	Right_Hand	shannon	0.610847382701198
Age_num:Gender	3.24990735804983	1	7.81013233561809	0.00633580902799886	0.0790418163705137	0.95	0.00666991918108395	0.201279278162164	2015	Right_Hand	shannon	0.0377452452731847
Expo	3.16151021199146	1	7.59769753894711	0.00706082979221283	0.077057555385063	0.95	0.00603528854363413	0.198643157646227	2015	Right_Hand	shannon	0.0403475988126448
Expo:Gender	0.245136399008743	1	0.589108397749535	0.444751065795032	0.00643207918556406	0.95	0	0.0754105852285489	2015	Right_Hand	shannon	0.741251776325053
Gender	1.23974029945784	1	2.97932671113885	0.0877281675125958	0.0317019371749311	0.95	0	0.130601467971766	2015	Right_Hand	shannon	0.336491601418176
Residuals	37.8663967361739	91	NA	NA	NA	NA	NA	NA	2015	Right_Hand	shannon	NA
(Intercept)	619.101240425063	1	732.930481301628	4.14487055569982e-37	NA	NA	NA	NA	2016	Right_Hand	shannon	8.28974111139963e-36
Age_num	0.0301680700686831	1	0.0357148341363362	0.850694449213105	0.000549157247328201	0.95	0	0.0527206530087701	2016	Right_Hand	shannon	0.926826637274978
Age_num:Expo	0.0761823274456006	1	0.0901893685159573	0.764894959753186	0.00138560617799618	0.95	0	0.0663564979180329	2016	Right_Hand	shannon	0.895583618566693
Age_num:Gender	1.65562373539036	1	1.96003015662013	0.166265179526107	0.0292716438752432	0.95	0	0.148683375374819	2016	Right_Hand	shannon	0.479940724405257
Expo	4.27366525417685	1	5.05943023069266	0.0278863311125963	0.0722162628789999	0.95	0	0.216542957868144	2016	Right_Hand	shannon	0.128002831336508
Expo:Gender	0.742300048590714	1	0.878780878407345	0.352006008311472	0.013339361577278	0.95	0	0.114510756644453	2016	Right_Hand	shannon	0.678082461919099
Gender	0.219131428318875	1	0.259421388197826	0.612242798297959	0.0039752327354337	0.95	0	0.084067497378525	2016	Right_Hand	shannon	0.820349186508367
Residuals	54.9050444131661	65	NA	NA	NA	NA	NA	NA	2016	Right_Hand	shannon	NA
(Intercept)	3483093.86428236	1	354.078329190098	4.00154356502507e-33	NA	NA	NA	NA	2015	Right_Hand	observed_otus	6.22462332337234e-32
Age_num	5138.95580121526	1	0.522407076804679	0.471670234648995	0.00570796915739202	0.95	0	0.0730368743703936	2015	Right_Hand	observed_otus	0.763396911570628
Age_num:Expo	2299.51533014001	1	0.233760150535234	0.629910982497496	0.00256221107350536	0.95	0	0.0600712833709957	2015	Right_Hand	observed_otus	0.820349186508367
Age_num:Gender	72897.3543575914	1	7.4104731135727	0.00777143555779154	0.0753016714493435	0.95	0.00548975926695985	0.196293781981034	2015	Right_Hand	observed_otus	0.0435200391236326
Expo	277515.945895622	1	28.2112358366136	7.65886806682629e-07	0.236649134946297	0.95	0.100731888199894	0.375985267830544	2015	Right_Hand	observed_otus	5.64337647029305e-06
Expo:Gender	7352.37548149435	1	0.74741506473933	0.389569098594999	0.00814644275494776	0.95	0	0.0805828993249667	2015	Right_Hand	observed_otus	0.693579579549383
Gender	21148.2955160438	1	2.14985683226256	0.146030345027788	0.0230795505798132	0.95	0	0.114704012867902	2015	Right_Hand	observed_otus	0.434984006465751
Residuals	895173.512523902	91	NA	NA	NA	NA	NA	NA	2015	Right_Hand	observed_otus	NA
(Intercept)	1594009.44801618	1	82.1710772894782	3.80916568511109e-13	NA	NA	NA	NA	2016	Right_Hand	observed_otus	3.33301997447220e-12
Age_num	21742.3478492738	1	1.12081653455749	0.293661190912092	0.0169510389208776	0.95	0	0.123234020563227	2016	Right_Hand	observed_otus	0.652580424249094
Age_num:Expo	2242.47115510819	1	0.115599233640144	0.734953652170558	0.00177529247984595	0.95	0	0.0702017166295324	2016	Right_Hand	observed_otus	0.885418479672613
Age_num:Gender	141287.299950357	1	7.28335058408297	0.00885917642410551	0.100761109235116	0.95	0.00676428858086224	0.253874845880179	2016	Right_Hand	observed_otus	0.0477032576682604
Expo	137433.146622395	1	7.08466924540484	0.00978602900008156	0.098282607377802	0.95	0.00601353533861325	0.250781693771672	2016	Right_Hand	observed_otus	0.0516997758494875
Expo:Gender	4333.87704334222	1	0.223411063174547	0.638036331088457	0.00342532013479261	0.95	0	0.0841286816097342	2016	Right_Hand	observed_otus	0.827084132892444
Gender	46524.2738978323	1	2.3983231159975	0.126320889343133	0.0355843143436938	0.95	0	0.160155766692625	2016	Right_Hand	observed_otus	0.406549988690544
Residuals	1260913.42037594	65	NA	NA	NA	NA	NA	NA	2016	Right_Hand	observed_otus	NA
