Factors	Sum Sq	Df	F value	Pr(>F)	Eta2_partial	CI	CI_low	CI_high	Year	Body_Site	Indice
(Intercept)	2882.10528001416	1	101.022544132533	1.08420210302557e-13	NA	NA	NA	NA	2015	Feces	faith_pd
Age_num	488.144943704312	1	17.1102854779127	0.00013193214389047	0.251214414355396	0.95	0.0728474119747091	0.43264377391067	2015	Feces	faith_pd
Age_num:Gender	0.17967273862746	1	0.00629782586128029	0.937057780476731	0.000123471534491318	0.95	0	0.0350163952172548	2015	Feces	faith_pd
Age_num:Urban	1.39887138505014	1	0.0490327495015282	0.825639220168542	0.00096050300780688	0.95	0	0.0799174170668025	2015	Feces	faith_pd
Gender	22.5467049736071	1	0.790299200391542	0.378183689249113	0.0152595990483401	0.95	0	0.14079953915123	2015	Feces	faith_pd
Residuals	1454.99571944938	51	NA	NA	NA	NA	NA	NA	2015	Feces	faith_pd
Urban	37.5998185706364	1	1.31793566226307	0.256319408575604	0.0251908957335582	0.95	0	0.159828958765478	2015	Feces	faith_pd
Urban:Gender	27.4597333026416	1	0.962508947424735	0.331186869033049	0.0185231422985867	0.95	0	0.14531278797986	2015	Feces	faith_pd
(Intercept)	2294.07767979001	1	87.2531306670621	1.84103344827064e-12	NA	NA	NA	NA	2016	Feces	faith_pd
Age_num	25.6488698330597	1	0.975531129883658	0.328156851075183	0.0195201753303693	0.95	0	0.150953863918956	2016	Feces	faith_pd
Age_num:Gender	0.704466102204606	1	0.0267937190652589	0.870650164706569	0.000546511754751759	0.95	0	0.0634076417287773	2016	Feces	faith_pd
Age_num:Urban	4.53785270037474	1	0.172593046042766	0.679631174950308	0.00350994396169342	0.95	0	0.0992973209551177	2016	Feces	faith_pd
Gender	5.85188702633195	1	0.222571130810254	0.639181899304645	0.00452172907056736	0.95	0	0.104936241320624	2016	Feces	faith_pd
Residuals	1288.31831534665	49	NA	NA	NA	NA	NA	NA	2016	Feces	faith_pd
Urban	9.36035346953508	1	0.3560124190921	0.553476123139924	0.00721315198782926	0.95	0	0.116540629355522	2016	Feces	faith_pd
Urban:Gender	0.0457484920880233	1	0.00174000174150282	0.966896739681792	3.55089786901644e-05	0.95	0	0.0113302312727322	2016	Feces	faith_pd
(Intercept)	5.36959604846388	1	1047.98141682278	1.13170254968493e-35	NA	NA	NA	NA	2015	Feces	pielou_e
Age_num	0.00675514665019383	1	1.31839864552586	0.256236952931099	0.0251995221501032	0.95	0	0.159846634548212	2015	Feces	pielou_e
Age_num:Gender	0.0153036806325521	1	2.9868118136174	0.0899962331193985	0.0553248416285257	0.95	0	0.21237611153999	2015	Feces	pielou_e
Age_num:Urban	0.00381766888418844	1	0.745092556330489	0.39207568975197	0.0143992892759709	0.95	0	0.13522564666885	2015	Feces	pielou_e
Gender	0.0156009225194803	1	3.04482436632911	0.0870183354004639	0.0563388705954624	0.95	0	0.213926033369398	2015	Feces	pielou_e
Residuals	0.261311311513425	51	NA	NA	NA	NA	NA	NA	2015	Feces	pielou_e
Urban	0.0026444367662643	1	0.51611342156748	0.47578282335568	0.0100184852328438	0.95	0	0.122932100796816	2015	Feces	pielou_e
Urban:Gender	0.000242870182166344	1	0.0474008538656283	0.828518077610914	0.00092856547194878	0.95	0	0.0712657428517646	2015	Feces	pielou_e
(Intercept)	3.63201863437617	1	827.793506862638	2.37372751003436e-32	NA	NA	NA	NA	2016	Feces	pielou_e
Age_num	0.0204778779529109	1	4.66722671610322	0.0356615374995773	0.0869660498909809	0.95	0	0.260600443680299	2016	Feces	pielou_e
Age_num:Gender	0.00263117851346595	1	0.599686485148692	0.442418375343843	0.0120905297522042	0.95	0	0.132213135162885	2016	Feces	pielou_e
Age_num:Urban	0.00594853788502614	1	1.35576425460626	0.249910836485834	0.0269237151828599	0.95	0	0.166778491186967	2016	Feces	pielou_e
Gender	0.000775271249188886	1	0.176696369358269	0.67606557884269	0.00359309149258686	0.95	0	0.0998038384302199	2016	Feces	pielou_e
Residuals	0.214991917197974	49	NA	NA	NA	NA	NA	NA	2016	Feces	pielou_e
Urban	0.00139422388865892	1	0.317765297573388	0.575524667623534	0.00644322174080794	0.95	0	0.113558150813121	2016	Feces	pielou_e
Urban:Gender	0.00740989793350708	1	1.68883092664132	0.199836113065231	0.0333176144678786	0.95	0	0.179103610377916	2016	Feces	pielou_e
(Intercept)	261.218567796334	1	423.455437332355	2.34312015207295e-26	NA	NA	NA	NA	2015	Feces	shannon
Age_num	3.95228942422521	1	6.40696586279506	0.0144932481428429	0.111606070212942	0.95	0.00421942664300317	0.287807385741279	2015	Feces	shannon
Age_num:Gender	0.599460165230262	1	0.971771143882939	0.328892684157424	0.0186980570893497	0.95	0	0.145718330993995	2015	Feces	shannon
Age_num:Urban	0.588917689132259	1	0.954680977344217	0.333142770087857	0.0183752639682365	0.95	0	0.144968774429632	2015	Feces	shannon
Gender	0.312520658094648	1	0.506620080897335	0.479848993291143	0.00983601875063103	0.95	0	0.122367653583389	2015	Feces	shannon
Residuals	31.4605641659454	51	NA	NA	NA	NA	NA	NA	2015	Feces	shannon
Urban	0.917364943781138	1	1.48711929913454	0.228273855868289	0.0283330333040218	0.95	0	0.166133925531062	2015	Feces	shannon
Urban:Gender	0.00116069156040766	1	0.00188157050422085	0.965570342079467	3.68921782154213e-05	0.95	0	0.0124029512591224	2015	Feces	shannon
(Intercept)	191.672736476969	1	433.077604181036	5.62836311673054e-26	NA	NA	NA	NA	2016	Feces	shannon
Age_num	0.639389155350294	1	1.44467663282782	0.23516085113633	0.0286388322665482	0.95	0	0.170186150571273	2016	Feces	shannon
Age_num:Gender	0.162052837800921	1	0.36615251618737	0.547901284785966	0.00741707622580688	0.95	0	0.117297923897892	2016	Feces	shannon
Age_num:Urban	0.519421245015405	1	1.17361348560405	0.283962126722805	0.0233910496787477	0.95	0	0.159479960311246	2016	Feces	shannon
Gender	0.0768674977877097	1	0.173679326508141	0.678682434568845	0.00353195711378293	0.95	0	0.0994323253301599	2016	Feces	shannon
Residuals	21.6865614769713	49	NA	NA	NA	NA	NA	NA	2016	Feces	shannon
Urban	0.00994694322846712	1	0.0224747578684824	0.881446405947051	0.000458458247558688	0.95	0	0.060165245211839	2016	Feces	shannon
Urban:Gender	0.379420210767137	1	0.857286220654752	0.359037166164605	0.0171948031198617	0.95	0	0.145492751840957	2016	Feces	shannon
(Intercept)	179380.763257367	1	36.0230686324147	2.03693901596464e-07	NA	NA	NA	NA	2015	Feces	observed_otus
Age_num	52448.8337813931	1	10.5327232680266	0.00207387019386345	0.171172714429487	0.95	0.0262497062416746	0.3542277559437	2015	Feces	observed_otus
Age_num:Gender	152.013730221021	1	0.0305272479466736	0.861991053478412	0.000598215413263281	0.95	0	0.06340261625725	2015	Feces	observed_otus
Age_num:Urban	1246.04549891702	1	0.250229632829684	0.619065182166756	0.00488250754430557	0.95	0	0.103884532347882	2015	Feces	observed_otus
Gender	2889.09376899881	1	0.580184972102082	0.449747952246109	0.0112482142593301	0.95	0	0.126607538733733	2015	Feces	observed_otus
Residuals	253960.011554754	51	NA	NA	NA	NA	NA	NA	2015	Feces	observed_otus
Urban	5212.61368434469	1	1.04679195860039	0.311075823094243	0.0201125164339244	0.95	0	0.148941945676611	2015	Feces	observed_otus
Urban:Gender	1491.30076785796	1	0.299481554970548	0.586594519344177	0.00583790607415077	0.95	0	0.108133828784438	2015	Feces	observed_otus
(Intercept)	165864.087114502	1	55.9110800233021	1.21280327746777e-09	NA	NA	NA	NA	2016	Feces	observed_otus
Age_num	1064.52105220425	1	0.358839112020636	0.551911280384279	0.00727000712488892	0.95	0	0.116753071553876	2016	Feces	observed_otus
Age_num:Gender	0.420891036104877	1	0.000141878044910981	0.990544782015169	2.89546192058173e-06	0.95	0	0	2016	Feces	observed_otus
Age_num:Urban	1004.03344411659	1	0.33844936065829	0.563392706868302	0.0068597486350709	0.95	0	0.112004363399537	2016	Feces	observed_otus
Gender	124.294340784545	1	0.0418983455366732	0.838661555994355	0.000854337759143583	0.95	0	0.0716580692809738	2016	Feces	observed_otus
Residuals	145361.890080166	49	NA	NA	NA	NA	NA	NA	2016	Feces	observed_otus
Urban	610.775919251202	1	0.205886288536863	0.65201431127402	0.00418418006596961	0.95	0	0.103169661615846	2016	Feces	observed_otus
Urban:Gender	20.8526630898414	1	0.00702921853065285	0.933524893026825	0.000143432863463492	0.95	0	0.0384787108609714	2016	Feces	observed_otus
(Intercept)	1552.37285427246	1	180.47023511127	1.06304562631945e-18	NA	NA	NA	NA	2015	Mouth	faith_pd
Age_num	0.00324193551466578	1	0.000376889394153645	0.984584032425191	7.11107007673116e-06	0.95	0	0	2015	Mouth	faith_pd
Age_num:Gender	13.0171266954497	1	1.51329875985367	0.224068806696002	0.0277601758521379	0.95	0	0.161769623822373	2015	Mouth	faith_pd
Age_num:Urban	1.59831732929069	1	0.185811484274308	0.668173985062553	0.00349362882860681	0.95	0	0.0940048693238552	2015	Mouth	faith_pd
Gender	13.8945015591415	1	1.61529748232256	0.209298867790827	0.029575916579881	0.95	0	0.165301711055188	2015	Mouth	faith_pd
Residuals	455.896570565847	53	NA	NA	NA	NA	NA	NA	2015	Mouth	faith_pd
Urban	23.645997972567	1	2.74895222613885	0.103226135126386	0.0493094868400048	0.95	0	0.199597643618684	2015	Mouth	faith_pd
Urban:Gender	11.2398454093243	1	1.30668192119719	0.258133597921416	0.0240611629171761	0.95	0	0.154288953257552	2015	Mouth	faith_pd
(Intercept)	460.443092222809	1	44.7461879961459	4.53385775666152e-08	NA	NA	NA	NA	2016	Mouth	faith_pd
Age_num	0.7876132632382	1	0.0765408184863383	0.783431084408439	0.00186337059940285	0.95	0	0.0839080928270956	2016	Mouth	faith_pd
Age_num:Gender	21.8865072093618	1	2.12694637559076	0.152347405703152	0.0493182697672882	0.95	0	0.223454086254058	2016	Mouth	faith_pd
Age_num:Urban	1.49195474718545	1	0.144989226088763	0.705336443362657	0.00352386107800534	0.95	0	0.112155980522115	2016	Mouth	faith_pd
Gender	11.835559277178	1	1.15018808925873	0.289781980023203	0.0272878518791672	0.95	0	0.183866257145723	2016	Mouth	faith_pd
Residuals	421.894414397071	41	NA	NA	NA	NA	NA	NA	2016	Mouth	faith_pd
Urban	14.6488540756888	1	1.42358608364503	0.239672926051816	0.0335564768343299	0.95	0	0.196117319529707	2016	Mouth	faith_pd
Urban:Gender	1.02348001627502	1	0.0994625177184309	0.754075288850488	0.00242004424450932	0.95	0	0.103398980692763	2016	Mouth	faith_pd
(Intercept)	4.41886765095926	1	389.888173300111	4.27445679753707e-26	NA	NA	NA	NA	2015	Mouth	pielou_e
Age_num	0.0116972614823072	1	1.03207977069883	0.314286070555216	0.0191012408753979	0.95	0	0.143509280754083	2015	Mouth	pielou_e
Age_num:Gender	0.0181850297568369	1	1.60451242113173	0.210803415745481	0.0293842459164746	0.95	0	0.164932776109309	2015	Mouth	pielou_e
Age_num:Urban	0.00803027290788882	1	0.708531841744227	0.403713797140993	0.0131921655172397	0.95	0	0.129009398725978	2015	Mouth	pielou_e
Gender	0.0264576404923146	1	2.33442635901084	0.132488157937112	0.0421875948232486	0.95	0	0.187927867705563	2015	Mouth	pielou_e
Residuals	0.600685020831776	53	NA	NA	NA	NA	NA	NA	2015	Mouth	pielou_e
Urban	0.0029701021964923	1	0.26205983328187	0.610835092858085	0.00492019711783877	0.95	0	0.101396074826409	2015	Mouth	pielou_e
Urban:Gender	0.000132475375509866	1	0.0116886465593908	0.914313488357091	0.000220491873732254	0.95	0	0.0432348398930684	2015	Mouth	pielou_e
(Intercept)	1.72560748783846	1	138.567445077875	9.92305684121284e-15	NA	NA	NA	NA	2016	Mouth	pielou_e
Age_num	0.000555979080454683	1	0.0446454951304454	0.833704004361275	0.00108773007031434	0.95	0	0.0857956571546569	2016	Mouth	pielou_e
Age_num:Gender	0.00754007022467129	1	0.605472724303728	0.440965006620184	0.0145527183002068	0.95	0	0.154441953867393	2016	Mouth	pielou_e
Age_num:Urban	0.00658513979939435	1	0.528791167118608	0.471247572647305	0.0127331220644171	0.95	0	0.149366902822118	2016	Mouth	pielou_e
Gender	0.00146096150254893	1	0.117316193973476	0.733713505630223	0.00285320650355752	0.95	0	0.107177492069154	2016	Mouth	pielou_e
Residuals	0.510581016786555	41	NA	NA	NA	NA	NA	NA	2016	Mouth	pielou_e
Urban	0.000391833606419589	1	0.031464502860511	0.860081499966408	0.000766838406616401	0.95	0	0.0779280745982405	2016	Mouth	pielou_e
Urban:Gender	0.0083879368480656	1	0.673556985990447	0.416560599911381	0.0161626948766787	0.95	0	0.158676741771487	2016	Mouth	pielou_e
(Intercept)	180.92373576316	1	219.867330822505	1.67247614505173e-20	NA	NA	NA	NA	2015	Mouth	shannon
Age_num	0.21579205489126	1	0.262241009569656	0.610712113738661	0.00492358197099778	0.95	0	0.10141170291582	2015	Mouth	shannon
Age_num:Gender	0.854093344774462	1	1.03793580868046	0.312930218883487	0.0192075399096524	0.95	0	0.143751234498702	2015	Mouth	shannon
Age_num:Urban	0.338511030768231	1	0.41137508284936	0.524036520587525	0.00770201258086416	0.95	0	0.112454919148848	2015	Mouth	shannon
Gender	1.23466287482215	1	1.50042242720516	0.226022637436734	0.0275304733501697	0.95	0	0.161316654993721	2015	Mouth	shannon
Residuals	43.6124728470393	53	NA	NA	NA	NA	NA	NA	2015	Mouth	shannon
Urban	0.644319688243613	1	0.783008649765883	0.380219515220236	0.0145586621020929	0.95	0	0.132577315497053	2015	Mouth	shannon
Urban:Gender	0.238805904457614	1	0.290208559845805	0.592342531472476	0.00544581392508336	0.95	0	0.103741069329176	2015	Mouth	shannon
(Intercept)	66.7414868338744	1	63.7776966205593	6.93395220674521e-10	NA	NA	NA	NA	2016	Mouth	shannon
Age_num	0.0472111337671066	1	0.0451146282372441	0.832845870060621	0.00109914733204831	0.95	0	0.0860210871222348	2016	Mouth	shannon
Age_num:Gender	0.000206137183042188	1	0.000196983246043129	0.988870075302422	4.80444633287061e-06	0.95	0	0	2016	Mouth	shannon
Age_num:Urban	0.183955147237107	1	0.175786248236889	0.677208417135221	0.00426916555222831	0.95	0	0.116849267388774	2016	Mouth	shannon
Gender	0.0436787330101609	1	0.0417390908540348	0.83912870313584	0.00101699128201261	0.95	0	0.0843449210830337	2016	Mouth	shannon
Residuals	42.905296133049	41	NA	NA	NA	NA	NA	NA	2016	Mouth	shannon
Urban	0.0855835884200289	1	0.08178307671715	0.776335418296729	0.00199073824435581	0.95	0	0.0990085647147625	2016	Mouth	shannon
Urban:Gender	0.365813119510186	1	0.349568450790035	0.557603350421583	0.00845398063116561	0.95	0	0.135626123031724	2016	Mouth	shannon
(Intercept)	85860.8560772722	1	100.323646362361	7.95143348655363e-14	NA	NA	NA	NA	2015	Mouth	observed_otus
Age_num	394.573492896125	1	0.461037233656825	0.500094115842916	0.00862379889192602	0.95	0	0.115582041335912	2015	Mouth	observed_otus
Age_num:Gender	253.818016756806	1	0.296572269563547	0.588323467647205	0.00556456554210546	0.95	0	0.104250229204048	2015	Mouth	observed_otus
Age_num:Urban	10.1046754893614	1	0.01180675265442	0.913883397628075	0.000222719303069761	0.95	0	0.0447624981523565	2015	Mouth	observed_otus
Gender	364.048763917344	1	0.425370781500583	0.517087947859498	0.0079619621778624	0.95	0	0.113356731461384	2015	Mouth	observed_otus
Residuals	45359.4495126197	53	NA	NA	NA	NA	NA	NA	2015	Mouth	observed_otus
Urban	1922.28673462041	1	2.24608539189915	0.139885969959218	0.040656009850582	0.95	0	0.185327848243911	2015	Mouth	observed_otus
Urban:Gender	1967.7284150374	1	2.29918147414834	0.13538439326042	0.0415771339259909	0.95	0	0.186895740842957	2015	Mouth	observed_otus
(Intercept)	27249.9041951282	1	20.9635482070461	4.30074664906636e-05	NA	NA	NA	NA	2016	Mouth	observed_otus
Age_num	86.1354186643439	1	0.0662645999991041	0.798142850094749	0.00161360183704426	0.95	0	0.0943678574366661	2016	Mouth	observed_otus
Age_num:Gender	1679.47913771437	1	1.29203543667864	0.262273292006878	0.0305503252169815	0.95	0	0.190369183246106	2016	Mouth	observed_otus
Age_num:Urban	11.2617328869601	1	0.00866373248801634	0.926294019593714	0.000211265905773778	0.95	0	0.049392125626465	2016	Mouth	observed_otus
Gender	1173.6837422635	1	0.902923384045001	0.3475670716387	0.0215479806926502	0.95	0	0.171582928354308	2016	Mouth	observed_otus
Residuals	53294.7028320679	41	NA	NA	NA	NA	NA	NA	2016	Mouth	observed_otus
Urban	438.820173107873	1	0.337587530117479	0.564405599269365	0.00816659970472445	0.95	0	0.130706049608223	2016	Mouth	observed_otus
Urban:Gender	1.56777880572918	1	0.00120610356412793	0.972464366955283	2.94162947568289e-05	0.95	0	0.00469227178056225	2016	Mouth	observed_otus
(Intercept)	283.426412202416	1	1.62269037189128	0.209559531200759	NA	NA	NA	NA	2015	Nose	faith_pd
Age_num	964.2099842058	1	5.52035445706729	0.0234581958941703	0.113773992767343	0.95	0.000546109431005528	0.306387471741299	2015	Nose	faith_pd
Age_num:Gender	2.76232472545234	1	0.0158150318497048	0.90050977877978	0.000367656217556148	0.95	0	0.0606696528127466	2015	Nose	faith_pd
Age_num:Urban	166.630546362574	1	0.954003478872772	0.334165576600193	0.0217045866898411	0.95	0	0.167466148958796	2015	Nose	faith_pd
Gender	38.8910818071545	1	0.222661619679381	0.639405134716918	0.00515150181260478	0.95	0	0.117852229087132	2015	Nose	faith_pd
Residuals	7510.57375813431	43	NA	NA	NA	NA	NA	NA	2015	Nose	faith_pd
Urban	8.69724388073791	1	0.0497939969588463	0.824478807023344	0.00115666051647922	0.95	0	0.0844086828271058	2015	Nose	faith_pd
Urban:Gender	197.165164507516	1	1.12882215751373	0.293957450221672	0.0255801560595591	0.95	0	0.175815811044239	2015	Nose	faith_pd
(Intercept)	899.003321001996	1	8.36632382358443	0.00615582338393594	NA	NA	NA	NA	2016	Nose	faith_pd
Age_num	44.4469253311026	1	0.413632921698469	0.523801385010197	0.0102349848750268	0.95	0	0.143943548683586	2016	Nose	faith_pd
Age_num:Gender	33.3931782655327	1	0.310764305694381	0.580318036931575	0.00770921392950323	0.95	0	0.134973330534834	2016	Nose	faith_pd
Age_num:Urban	9.80482347081488	1	0.0912458566877042	0.764164326007139	0.0022759546314394	0.95	0	0.103722600500726	2016	Nose	faith_pd
Gender	105.092081212718	1	0.978010161008158	0.328635313429828	0.0238667069768743	0.95	0	0.179075403094716	2016	Nose	faith_pd
Residuals	4298.19997388928	40	NA	NA	NA	NA	NA	NA	2016	Nose	faith_pd
Urban	3.12989812025899	1	0.029127524445326	0.865345296141304	0.000727658239054501	0.95	0	0.0783680084810503	2016	Nose	faith_pd
Urban:Gender	231.901810567341	1	2.15812956098924	0.149638652011307	0.0511913024477788	0.95	0	0.228933232059136	2016	Nose	faith_pd
(Intercept)	2.33715463805616	1	137.007326150901	5.8858179706774e-15	NA	NA	NA	NA	2015	Nose	pielou_e
Age_num	0.000505907603853939	1	0.0296570226697049	0.864078731795875	0.000689222845863736	0.95	0	0.0768795709825121	2015	Nose	pielou_e
Age_num:Gender	0.0149703210107164	1	0.877581491571642	0.354096863457758	0.0200006805694205	0.95	0	0.16359756167129	2015	Nose	pielou_e
Age_num:Urban	0.032653732614504	1	1.91420820920972	0.173637494228018	0.0426192130626764	0.95	0	0.207677089999194	2015	Nose	pielou_e
Gender	0.0192143848296081	1	1.12637454376084	0.294474736242921	0.0255261066744516	0.95	0	0.175703127798792	2015	Nose	pielou_e
Residuals	0.733520259535069	43	NA	NA	NA	NA	NA	NA	2015	Nose	pielou_e
Urban	0.0671832765721624	1	3.93837914502055	0.0536007987117326	0.0839053076982603	0.95	0	0.268971776224985	2015	Nose	pielou_e
Urban:Gender	0.000793270292840598	1	0.0465026318615469	0.830284365299982	0.00108028827008881	0.95	0	0.0829884621208483	2015	Nose	pielou_e
(Intercept)	1.72495959220326	1	110.556695501654	4.45434723947306e-13	NA	NA	NA	NA	2016	Nose	pielou_e
Age_num	0.0491150632136806	1	3.14789929735323	0.0836368514538919	0.072956026796566	0.95	0	0.261295102101179	2016	Nose	pielou_e
Age_num:Gender	0.0175772496690256	1	1.12656705014921	0.294875486011336	0.0273926838769569	0.95	0	0.186482859806247	2016	Nose	pielou_e
Age_num:Urban	0.00206930631963531	1	0.132626682800933	0.717642106754441	0.00330470975272025	0.95	0	0.112477762571169	2016	Nose	pielou_e
Gender	0.011919894172866	1	0.763973902019495	0.387305445078777	0.0187413990563282	0.95	0	0.167406533304715	2016	Nose	pielou_e
Residuals	0.624099547974445	40	NA	NA	NA	NA	NA	NA	2016	Nose	pielou_e
Urban	0.0441770485657021	1	2.83141038695391	0.100228378382433	0.0661059339716802	0.95	0	0.251559505553411	2016	Nose	pielou_e
Urban:Gender	0.0346393933248301	1	2.22011975091182	0.144066197427012	0.0525844020341481	0.95	0	0.231144045731787	2016	Nose	pielou_e
(Intercept)	42.9417689038265	1	31.5877011088589	1.30070553931467e-06	NA	NA	NA	NA	2015	Nose	shannon
Age_num	3.17874636168568	1	2.33826627400188	0.133553776350617	0.0515737911077271	0.95	0	0.222387020517081	2015	Nose	shannon
Age_num:Gender	0.14383657118249	1	0.105805297150457	0.746548709475005	0.00245454867206601	0.95	0	0.100427928872279	2015	Nose	shannon
Age_num:Urban	3.24321310179331	1	2.38568761154722	0.12977955178874	0.0525647563603342	0.95	0	0.223921393011346	2015	Nose	shannon
Gender	0.502471841676908	1	0.369615196478171	0.546411939362875	0.00852244583687673	0.95	0	0.131796649401795	2015	Nose	shannon
Residuals	58.4561711693125	43	NA	NA	NA	NA	NA	NA	2015	Nose	shannon
Urban	4.02023152517669	1	2.95725758503576	0.0926841107659868	0.0643479994332533	0.95	0	0.241805498203142	2015	Nose	shannon
Urban:Gender	1.09764386505341	1	0.807420076497835	0.373888341818333	0.0184311259391193	0.95	0	0.159905501098228	2015	Nose	shannon
(Intercept)	50.0035963680637	1	44.5342403133099	5.3586366765213e-08	NA	NA	NA	NA	2016	Nose	shannon
Age_num	0.787817296533859	1	0.701646428560267	0.407208290827254	0.0172387726327435	0.95	0	0.163721336682626	2016	Nose	shannon
Age_num:Gender	0.00726862804735617	1	0.0064735909358665	0.936273718562745	0.000161813585522649	0.95	0	0.044789473963041	2016	Nose	shannon
Age_num:Urban	0.00762935235414375	1	0.00679485948717395	0.934715154709819	0.000169842635758226	0.95	0	0.045897981569982	2016	Nose	shannon
Gender	0.151260389890176	1	0.134715641324478	0.715526630179068	0.00335658641582025	0.95	0	0.112853648029962	2016	Nose	shannon
Residuals	44.912495209327	40	NA	NA	NA	NA	NA	NA	2016	Nose	shannon
Urban	0.394547120629433	1	0.351391851012096	0.556663017303969	0.0087082956719195	0.95	0	0.138708614268916	2016	Nose	shannon
Urban:Gender	2.87651529547525	1	2.5618841991018	0.117337590378429	0.0601919827401782	0.95	0	0.242845694549378	2016	Nose	shannon
(Intercept)	1834.00289273728	1	0.202111754070713	0.655279730476075	NA	NA	NA	NA	2015	Nose	observed_otus
Age_num	45610.4890729709	1	5.02639117259111	0.0301760841019229	0.104658939592773	0.95	0	0.295386944997437	2015	Nose	observed_otus
Age_num:Gender	614.138283136301	1	0.0676795909854842	0.795987455698263	0.00157147056976922	0.95	0	0.0908302977600229	2015	Nose	observed_otus
Age_num:Urban	15054.550004461	1	1.65904945962522	0.204620191532532	0.0371492335752715	0.95	0	0.198107712162095	2015	Nose	observed_otus
Gender	3723.25782395556	1	0.410312422427003	0.525210044090458	0.00945195736981205	0.95	0	0.135002512874722	2015	Nose	observed_otus
Residuals	390190.688069094	43	NA	NA	NA	NA	NA	NA	2015	Nose	observed_otus
Urban	3238.67418188707	1	0.356910080325862	0.553360553092446	0.00823190766280685	0.95	0	0.130749694693396	2015	Nose	observed_otus
Urban:Gender	6448.4977890696	1	0.710640754401837	0.403896081182837	0.0162578434481145	0.95	0	0.15455292769487	2015	Nose	observed_otus
(Intercept)	30979.6542560645	1	7.33726494696583	0.00989201811685658	NA	NA	NA	NA	2016	Nose	observed_otus
Age_num	12.8058391678787	1	0.0030329529847663	0.956355062736414	7.58180758026748e-05	0.95	0	0.0271327587551696	2016	Nose	observed_otus
Age_num:Gender	1557.1946167461	1	0.36880816624409	0.547086871889972	0.00913596865989426	0.95	0	0.140226632888078	2016	Nose	observed_otus
Age_num:Urban	207.66705559814	1	0.0491841579342855	0.825617407110186	0.00122809387927423	0.95	0	0.08987992325459	2016	Nose	observed_otus
Gender	5192.33907017592	1	1.22976089847436	0.274076629825184	0.0298270198923193	0.95	0	0.19136755120117	2016	Nose	observed_otus
Residuals	168889.385786051	40	NA	NA	NA	NA	NA	NA	2016	Nose	observed_otus
Urban	17.2442001526069	1	0.00408414065155093	0.949362362912025	0.000102093092225068	0.95	0	0.033857189977792	2016	Nose	observed_otus
Urban:Gender	7879.37889854467	1	1.86616319595745	0.179546832237122	0.0445744977208144	0.95	0	0.218099563598434	2016	Nose	observed_otus
(Intercept)	26663.8823412037	1	171.11587975076	3.16021877358757e-18	NA	NA	NA	NA	2015	Right_Arm	faith_pd
Age_num	545.872585042192	1	3.50314580697701	0.0667755983802185	0.0619991286669996	0.95	0	0.218997953869441	2015	Right_Arm	faith_pd
Age_num:Gender	207.441174668398	1	1.3312569657218	0.253758300343596	0.0245025983212887	0.95	0	0.155203827528577	2015	Right_Arm	faith_pd
Age_num:Urban	861.727062429383	1	5.53014682954774	0.0224408905093147	0.0944837340943754	0.95	0.000748283788138495	0.263210472654276	2015	Right_Arm	faith_pd
Gender	303.46494752427	1	1.94749102192405	0.168677168914596	0.0354427651873495	0.95	0	0.176196044277002	2015	Right_Arm	faith_pd
Residuals	8258.64768449419	53	NA	NA	NA	NA	NA	NA	2015	Right_Arm	faith_pd
Urban	93.0571198355447	1	0.597195514290296	0.443082867156147	0.0111422903485886	0.95	0	0.123323235666702	2015	Right_Arm	faith_pd
Urban:Gender	247.497744633436	1	1.58832062665663	0.213086933093741	0.0290963453065273	0.95	0	0.164376957518348	2015	Right_Arm	faith_pd
(Intercept)	7554.76080723634	1	38.2812049737745	1.52191018811976e-06	NA	NA	NA	NA	2016	Right_Arm	faith_pd
Age_num	217.075284649438	1	1.09995586603429	0.303927582096389	0.0405888434457903	0.95	0	0.259540315103211	2016	Right_Arm	faith_pd
Age_num:Gender	283.766480697076	1	1.43789103181749	0.241295639765909	0.052405304407328	0.95	0	0.279317663647299	2016	Right_Arm	faith_pd
Age_num:Urban	20.1309204733307	1	0.102006656810652	0.75198681956008	0.0039080005668467	0.95	0	0.154525003852772	2016	Right_Arm	faith_pd
Gender	644.150022616132	1	3.26401320687878	0.0824037632107442	0.111536759630478	0.95	0	0.358317284792938	2016	Right_Arm	faith_pd
Residuals	5131.07623238897	26	NA	NA	NA	NA	NA	NA	2016	Right_Arm	faith_pd
Urban	286.522416612795	1	1.45185580851607	0.239083710522416	0.0528873464381843	0.95	0	0.28008132922931	2016	Right_Arm	faith_pd
Urban:Gender	62.658460394824	1	0.317500636607561	0.577941427872357	0.0120642397236582	0.95	0	0.194419423384036	2016	Right_Arm	faith_pd
(Intercept)	7.15614053218026	1	1903.08440707755	3.27369487227357e-43	NA	NA	NA	NA	2015	Right_Arm	pielou_e
Age_num	0.0148558277045456	1	3.95071811846291	0.0520288235871237	0.069370821808516	0.95	0	0.229613838152683	2015	Right_Arm	pielou_e
Age_num:Gender	0.00262396139151758	1	0.697809103456666	0.407270869428184	0.0129951131174129	0.95	0	0.128417367076321	2015	Right_Arm	pielou_e
Age_num:Urban	0.0101007995280285	1	2.68617895279801	0.10714576082854	0.0482378034067471	0.95	0	0.197882348105398	2015	Right_Arm	pielou_e
Gender	0.000340686282651242	1	0.0906011766123409	0.764591988516413	0.0017065389090424	0.95	0	0.0802361928467034	2015	Right_Arm	pielou_e
Residuals	0.199295126792607	53	NA	NA	NA	NA	NA	NA	2015	Right_Arm	pielou_e
Urban	0.00281586305261966	1	0.748842905447191	0.390743048414397	0.0139322609561014	0.95	0	0.130961173240882	2015	Right_Arm	pielou_e
Urban:Gender	0.00332153991378556	1	0.883321224476449	0.351557511559906	0.0163932215832903	0.95	0	0.137049149947762	2015	Right_Arm	pielou_e
(Intercept)	2.40966372238083	1	958.717421336676	4.75632747135921e-22	NA	NA	NA	NA	2016	Right_Arm	pielou_e
Age_num	0.0185965962648476	1	7.39890825889118	0.0114783443866773	0.221531440535081	0.95	0.0129655111435089	0.46885173541156	2016	Right_Arm	pielou_e
Age_num:Gender	0.000237668008114283	1	0.0945594431941815	0.760908615162419	0.00362372253879319	0.95	0	0.152110340773257	2016	Right_Arm	pielou_e
Age_num:Urban	0.00377113796298298	1	1.50039842895742	0.2315920658726	0.0545591524004077	0.95	0	0.28270703307733	2016	Right_Arm	pielou_e
Gender	2.78615737968751e-05	1	0.0110851053351668	0.916957080033052	0.000426168508167817	0.95	0	0.0848353291463408	2016	Right_Arm	pielou_e
Residuals	0.0653490333935427	26	NA	NA	NA	NA	NA	NA	2016	Right_Arm	pielou_e
Urban	0.000161786681851267	1	0.0643690275080426	0.801714786625239	0.00246961771605168	0.95	0	0.140048704327105	2016	Right_Arm	pielou_e
Urban:Gender	0.00760405173491077	1	3.02537520206406	0.0937994364643051	0.104232079034379	0.95	0	0.34970475234283	2016	Right_Arm	pielou_e
(Intercept)	499.455050803258	1	935.389185858694	2.38228731871166e-35	NA	NA	NA	NA	2015	Right_Arm	shannon
Age_num	2.51516451290029	1	4.71044928315126	0.0344811140410682	0.0816221211524426	0.95	0	0.246451123876444	2015	Right_Arm	shannon
Age_num:Gender	0.0154155095145754	1	0.0288704676651987	0.865725387367044	0.000544429240347533	0.95	0	0.0596575940517908	2015	Right_Arm	shannon
Age_num:Urban	2.54453118932249	1	4.76544776901252	0.0334870167441564	0.0824965087792305	0.95	0	0.247617723821855	2015	Right_Arm	shannon
Gender	0.0778054689643355	1	0.145715603742232	0.7041899910815	0.00274181280817999	0.95	0	0.0891716004273562	2015	Right_Arm	shannon
Residuals	28.2995763611186	53	NA	NA	NA	NA	NA	NA	2015	Right_Arm	shannon
Urban	0.124338731823752	1	0.232864008371267	0.631395464448948	0.00437444072771752	0.95	0	0.0987750972918551	2015	Right_Arm	shannon
Urban:Gender	0.884879448297848	1	1.65721953436098	0.203572653880863	0.0303202312243335	0.95	0	0.16672581122809	2015	Right_Arm	shannon
(Intercept)	167.634616309642	1	456.198142589493	5.177930597903e-18	NA	NA	NA	NA	2016	Right_Arm	shannon
Age_num	1.84057801001825	1	5.00891932672438	0.0340000342998963	0.161531566900094	0.95	0	0.412175000052037	2016	Right_Arm	shannon
Age_num:Gender	0.192487321720515	1	0.523831894474138	0.475673747876711	0.0197494802620609	0.95	0	0.216507795013131	2016	Right_Arm	shannon
Age_num:Urban	0.0921593357120223	1	0.250800930617144	0.620725003335229	0.0095540296572295	0.95	0	0.1852713126931	2016	Right_Arm	shannon
Gender	0.325676891932117	1	0.88629184385949	0.355149715693501	0.0329644507694321	0.95	0	0.245399183116855	2016	Right_Arm	shannon
Residuals	9.55396266918312	26	NA	NA	NA	NA	NA	NA	2016	Right_Arm	shannon
Urban	0.141640362749881	1	0.385457799973984	0.540101691559111	0.0146087213227873	0.95	0	0.202470906811967	2016	Right_Arm	shannon
Urban:Gender	1.35286550106663	1	3.68166636668886	0.0660553239526833	0.124038398693839	0.95	0	0.372551752682492	2016	Right_Arm	shannon
(Intercept)	1352801.84015844	1	129.442626506831	7.63069374221467e-16	NA	NA	NA	NA	2015	Right_Arm	observed_otus
Age_num	38842.1543901765	1	3.71660529590898	0.0592395970003324	0.0655294031883298	0.95	0	0.224137698919211	2015	Right_Arm	observed_otus
Age_num:Gender	12097.385842754	1	1.15753641876273	0.286850375099312	0.0213735058000479	0.95	0	0.148570398616742	2015	Right_Arm	observed_otus
Age_num:Urban	69408.886131828	1	6.64137810661544	0.0127830463028268	0.111355208706668	0.95	0.00509147038339848	0.284069011542348	2015	Right_Arm	observed_otus
Gender	18922.3332463854	1	1.81058041343497	0.184167154681985	0.0330334106987703	0.95	0	0.171810023945774	2015	Right_Arm	observed_otus
Residuals	553901.751403459	53	NA	NA	NA	NA	NA	NA	2015	Right_Arm	observed_otus
Urban	342.174070429173	1	0.0327408708977643	0.857101401721121	0.000617370898808875	0.95	0	0.0623682515608004	2015	Right_Arm	observed_otus
Urban:Gender	19612.8142536425	1	1.87664897756552	0.176491342204989	0.0341975869979365	0.95	0	0.173943562689777	2015	Right_Arm	observed_otus
(Intercept)	480951.623918381	1	26.7498177214646	2.13544670658828e-05	NA	NA	NA	NA	2016	Right_Arm	observed_otus
Age_num	7221.88866275363	1	0.401670762143336	0.531764171533959	0.0152138387665708	0.95	0	0.204271681095075	2016	Right_Arm	observed_otus
Age_num:Gender	8936.51776534831	1	0.497035895918433	0.487073680555216	0.0187581697013512	0.95	0	0.213981541425658	2016	Right_Arm	observed_otus
Age_num:Urban	725.387529712287	1	0.0403449811420537	0.842370603578764	0.0015493259083653	0.95	0	0.125589533417883	2016	Right_Arm	observed_otus
Gender	23839.5625374262	1	1.32592119606572	0.260011374142049	0.0485224701686038	0.95	0	0.273054015418201	2016	Right_Arm	observed_otus
Residuals	467470.184361064	26	NA	NA	NA	NA	NA	NA	2016	Right_Arm	observed_otus
Urban	13375.4634747533	1	0.743923488551266	0.39629305525995	0.0278165426576146	0.95	0	0.234979775899132	2016	Right_Arm	observed_otus
Urban:Gender	16681.8341340877	1	0.927818932621546	0.344304185541615	0.0344557773113048	0.95	0	0.24827302812266	2016	Right_Arm	observed_otus
(Intercept)	25852.7889283479	1	201.656386086261	1.05168894105968e-19	NA	NA	NA	NA	2015	Right_Hand	faith_pd
Age_num	883.959961988622	1	6.8950460963271	0.0112730188867307	0.115118804403924	0.95	0.0061760861859392	0.288573574290924	2015	Right_Hand	faith_pd
Age_num:Gender	0.355132009401132	1	0.00277009330783874	0.958223257276043	5.22631798859226e-05	0.95	0	0.0190252205423625	2015	Right_Hand	faith_pd
Age_num:Urban	809.751311973369	1	6.31620532909339	0.0150397608656997	0.106483637886988	0.95	0.00375361254428818	0.27816210917024	2015	Right_Hand	faith_pd
Gender	0.351442977284023	1	0.0027413181963042	0.958440604469588	5.17203097071336e-05	0.95	0	0.018835460473942	2015	Right_Hand	faith_pd
Residuals	6794.71570325734	53	NA	NA	NA	NA	NA	NA	2015	Right_Hand	faith_pd
Urban	478.219303128921	1	3.7301962543749	0.0587923878710697	0.0657532760445409	0.95	0	0.224460355117215	2015	Right_Hand	faith_pd
Urban:Gender	131.959562079272	1	1.02930822945964	0.314930495052134	0.0190509237151108	0.95	0	0.143394490940299	2015	Right_Hand	faith_pd
(Intercept)	8806.33476443966	1	44.9649167228889	9.19484269956327e-08	NA	NA	NA	NA	2016	Right_Hand	faith_pd
Age_num	380.330117840665	1	1.94195570953862	0.172243035440474	0.0525677558818901	0.95	0	0.245057195504265	2016	Right_Hand	faith_pd
Age_num:Gender	15.346871639691	1	0.0783607282364629	0.781179130578476	0.00223387657261265	0.95	0	0.125736628064492	2016	Right_Hand	faith_pd
Age_num:Urban	0.615832892670369	1	0.00314442676491879	0.955600807198166	8.98326940740338e-05	0.95	0	0.0322699760473157	2016	Right_Hand	faith_pd
Gender	30.8632301634507	1	0.157586852103642	0.693798434744515	0.00448230001582753	0.95	0	0.131139787191698	2016	Right_Hand	faith_pd
Residuals	6854.71561428449	35	NA	NA	NA	NA	NA	NA	2016	Right_Hand	faith_pd
Urban	488.126565672482	1	2.49236157411618	0.123396479300252	0.0664765160015113	0.95	0	0.265868402310069	2016	Right_Hand	faith_pd
Urban:Gender	8.95217840029454	1	0.0457095905419287	0.831945202330187	0.00130428492035056	0.95	0	0.0995797048720479	2016	Right_Hand	faith_pd
(Intercept)	7.20382473505334	1	3419.47801241328	8.07857765927486e-50	NA	NA	NA	NA	2015	Right_Hand	pielou_e
Age_num	0.0081373282080555	1	3.86258909823826	0.0546240849102859	0.0679284773960096	0.95	0	0.227575448292902	2015	Right_Hand	pielou_e
Age_num:Gender	6.17726496616733e-05	1	0.0293219539696417	0.864689873976892	0.000552938504382419	0.95	0	0.0612024021599626	2015	Right_Hand	pielou_e
Age_num:Urban	0.0165508656573035	1	7.85628791413624	0.00705919653439043	0.129095746444819	0.95	0.0106159756440978	0.304893856650422	2015	Right_Hand	pielou_e
Gender	9.64380359530781e-05	1	0.0457767582680411	0.831403117617064	0.000862967064779687	0.95	0	0.0681614458606076	2015	Right_Hand	pielou_e
Residuals	0.111655261291875	53	NA	NA	NA	NA	NA	NA	2015	Right_Hand	pielou_e
Urban	0.00303495704250312	1	1.44061929005015	0.235376650612611	0.0264622134875943	0.95	0	0.159190851523913	2015	Right_Hand	pielou_e
Urban:Gender	6.4401333272554e-05	1	0.0305697252771889	0.861870004851285	0.000576454777603826	0.95	0	0.0611862424363977	2015	Right_Hand	pielou_e
(Intercept)	3.30541029440451	1	666.480034761411	2.25541699265826e-24	NA	NA	NA	NA	2016	Right_Hand	pielou_e
Age_num	0.00176203834433372	1	0.355285205885173	0.55497200405541	0.010048998440155	0.95	0	0.155822138590667	2016	Right_Hand	pielou_e
Age_num:Gender	0.00156422965969508	1	0.315400432960842	0.577963759400068	0.0089309601220455	0.95	0	0.15181857947621	2016	Right_Hand	pielou_e
Age_num:Urban	0.000397479389454308	1	0.0801449906987046	0.778768749604052	0.00228462541189481	0.95	0	0.113496882933414	2016	Right_Hand	pielou_e
Gender	0.00228725129074658	1	0.46118550618222	0.501536954012194	0.0130053606386571	0.95	0	0.16525724571103	2016	Right_Hand	pielou_e
Residuals	0.173582634542943	35	NA	NA	NA	NA	NA	NA	2016	Right_Hand	pielou_e
Urban	0.00227403715538216	1	0.458521099463353	0.502767392357749	0.0129311963738469	0.95	0	0.165036518325346	2016	Right_Hand	pielou_e
Urban:Gender	0.000520150325119706	1	0.104879508408924	0.747978147293709	0.00298760485372984	0.95	0	0.12034163027397	2016	Right_Hand	pielou_e
(Intercept)	496.204525668273	1	1715.56289700013	4.7367890449597e-42	NA	NA	NA	NA	2015	Right_Hand	shannon
Age_num	2.15958496012831	1	7.46648536815738	0.00852180368630507	0.123481385145784	0.95	0.0087527845784015	0.298411959299997	2015	Right_Hand	shannon
Age_num:Gender	0.00152359346709474	1	0.00526762713165366	0.942414809219278	9.93793139336464e-05	0.95	0	0.0305782551520177	2015	Right_Hand	shannon
Age_num:Urban	3.25272302354218	1	11.2458686786295	0.00147920640993518	0.175044231013259	0.95	0.0299050124301801	0.354916515981638	2015	Right_Hand	shannon
Gender	0.0286073973654144	1	0.0989063721934979	0.754380722506973	0.0018626819072359	0.95	0	0.081837440224691	2015	Right_Hand	shannon
Residuals	15.329569033234	53	NA	NA	NA	NA	NA	NA	2015	Right_Hand	shannon
Urban	4.77483871819118e-06	1	1.65083866033998e-05	0.996773417885625	3.11478895497844e-07	0.95	0	0	2015	Right_Hand	shannon
Urban:Gender	0.0984121739818313	1	0.34024734874994	0.562160533877699	0.00637881085412541	0.95	0	0.107568657002413	2015	Right_Hand	shannon
(Intercept)	221.624881542643	1	357.800623250825	5.87633558160142e-20	NA	NA	NA	NA	2016	Right_Hand	shannon
Age_num	0.610730145961092	1	0.985988691079798	0.327540390542336	0.0273992386187851	0.95	0	0.200087392192687	2016	Right_Hand	shannon
Age_num:Gender	0.105203646685506	1	0.169845236195156	0.68276272134356	0.00482928585708872	0.95	0	0.133207339070758	2016	Right_Hand	shannon
Age_num:Urban	0.0954420026752132	1	0.154085623436317	0.69704163138773	0.00438314980189934	0.95	0	0.130525370541131	2016	Right_Hand	shannon
Gender	0.138963752440766	1	0.224348985034934	0.63868729303787	0.00636914496646193	0.95	0	0.141191627914948	2016	Right_Hand	shannon
Residuals	21.6793106270103	35	NA	NA	NA	NA	NA	NA	2016	Right_Hand	shannon
Urban	1.29818416619121	1	2.0958436639624	0.156599085858497	0.0564980724780888	0.95	0	0.251196956529959	2016	Right_Hand	shannon
Urban:Gender	0.177992681457322	1	0.287358945964113	0.595308690666697	0.00814339623444614	0.95	0	0.148801257188883	2016	Right_Hand	shannon
(Intercept)	1282500.06069569	1	143.628455480206	1.03459430450224e-16	NA	NA	NA	NA	2015	Right_Hand	observed_otus
Age_num	69726.2370637797	1	7.80871053564315	0.00722254265554763	0.128414341742472	0.95	0.0103840762277911	0.304112138364507	2015	Right_Hand	observed_otus
Age_num:Gender	451.89768710616	1	0.0506084707699177	0.822872978861858	0.000953965887079357	0.95	0	0.0699064431907582	2015	Right_Hand	observed_otus
Age_num:Urban	72754.8331314077	1	8.14788601703133	0.0061395898333365	0.133248858591153	0.95	0.0120643859840283	0.30962932435583	2015	Right_Hand	observed_otus
Gender	859.286368124012	1	0.0962323337449982	0.757615293172965	0.00181241360291092	0.95	0	0.0813351997024555	2015	Right_Hand	observed_otus
Residuals	473252.343970508	53	NA	NA	NA	NA	NA	NA	2015	Right_Hand	observed_otus
Urban	17345.1538093669	1	1.94250100101719	0.169214069013657	0.0353551615894083	0.95	0	0.176038563570791	2015	Right_Hand	observed_otus
Urban:Gender	8117.87865334947	1	0.909129292456993	0.3446741163498	0.0168641064025532	0.95	0	0.138280845743926	2015	Right_Hand	observed_otus
(Intercept)	578560.812830419	1	33.1629553637406	1.60582244886931e-06	NA	NA	NA	NA	2016	Right_Hand	observed_otus
Age_num	10969.9489417112	1	0.628794621116371	0.433140532209834	0.0176484954880763	0.95	0	0.177936844155908	2016	Right_Hand	observed_otus
Age_num:Gender	427.85902603087	1	0.0245247681273467	0.876456925838359	0.000700217013355868	0.95	0	0.0843054807049759	2016	Right_Hand	observed_otus
Age_num:Urban	326.049066778854	1	0.0186890477339428	0.892045049709683	0.000533687817624119	0.95	0	0.077599138180195	2016	Right_Hand	observed_otus
Gender	164.15738167183	1	0.00940945843597447	0.923277867901856	0.000268769413181494	0.95	0	0.0579442508484976	2016	Right_Hand	observed_otus
Residuals	610609.887658113	35	NA	NA	NA	NA	NA	NA	2016	Right_Hand	observed_otus
Urban	39259.5707044129	1	2.25034838516047	0.142551875025769	0.0604114721798669	0.95	0	0.257146047922638	2016	Right_Hand	observed_otus
Urban:Gender	1550.05962888408	1	0.0888490149070743	0.767407897604286	0.00253211539852242	0.95	0	0.116100707845454	2016	Right_Hand	observed_otus
